ES-2	FU-OV-1	KURAMOCHI	KGN	SW626	SK-OV-3	RMG-I	PA-1	OVCAR-8	OVCAR-5	OVCAR-4	OVCAR-3	OC-314	OAW-42	OAW-28	Caov-4	TOV-112D	OVISE	OVKATE	OVMIU	EFO-27	EFO-21	Caov-3	JHOS-4	OVTOKO	OV-56	DOV13	TYK-nu	Hey	OV-90	OVCA433	OVK-18	RKN	TOV-21G	JHOS-2	JHOS-3	OV-17R	OV-7	OVCA420	PEO1	A2780	IGROV-1	MCAS
MIR933	0	-1	0	0	0	0	0	0	-1	1	0	1	0	-1	0	1	1	0	1	1	0	0	-1	0	1	0	0	0	0	0	0	0	0	0	1	0	1	0	-1	0	0	0	0
TMED11P	-1	-1	0	0	0	-1	1	0	-1	0	-1	0	-1	-1	0	1	0	-1	1	0	0	-1	1	-1	0	0	0	0	-1	0	-1	0	0	0	0	0	-2	-1	-1	0	0	0	-1
SPON2	-1	-1	0	0	0	-1	1	0	-1	0	-1	0	-1	-1	0	1	0	-1	1	0	0	-1	1	-1	0	0	0	0	-1	0	-1	0	0	0	0	0	-1	-1	-1	0	0	0	-1
LOC100130872	-1	-1	0	0	0	-1	1	0	-1	0	-1	0	-1	-1	0	1	0	-1	1	0	0	-1	1	-1	0	0	0	0	-1	0	-1	0	0	0	0	0	-1	-1	-1	0	0	0	-1
CTBP1	-1	-1	-1	0	0	-1	1	0	-1	0	-1	0	-1	-1	0	1	0	-1	1	0	0	-1	1	-1	0	0	0	0	-1	0	-1	0	0	0	0	0	-1	-1	-1	0	0	0	-1
C4orf42	-1	-1	-1	0	0	-1	1	0	-1	0	-1	0	-1	-1	0	1	0	-1	1	0	0	-1	1	-1	0	0	0	0	-1	0	-1	0	0	0	0	0	-1	-1	-1	0	0	0	-1
MAEA	-1	1	-1	0	0	-1	1	0	-1	0	-1	0	-1	-1	0	1	0	-1	1	0	0	-1	1	-1	0	0	0	0	-1	0	-1	0	0	0	0	0	-1	-1	-1	0	0	0	-1
KIAA1530	-1	1	-1	0	0	-1	1	0	-1	0	-1	0	-1	-1	0	1	0	-1	1	0	0	-1	1	-1	0	0	0	0	-1	0	-1	0	0	0	0	0	-1	-1	-1	0	0	0	-1
CRIPAK	-1	1	-1	0	0	-1	1	0	-1	0	-1	0	-1	-1	0	1	0	-1	1	0	0	-1	1	-1	0	0	0	0	-1	0	-1	0	0	0	0	0	-1	-1	-1	0	0	0	-1
FAM53A	2	1	-1	0	0	-1	1	0	-1	0	-1	0	-1	-1	0	1	0	-1	1	0	0	-1	1	-1	0	0	0	0	-1	0	-1	0	0	0	0	0	-1	-1	-1	0	0	0	-1
SLBP	2	1	-1	0	0	-1	1	0	-1	0	-1	0	-1	-1	0	1	0	-1	1	0	0	-1	1	-1	0	0	0	0	-1	0	-1	0	0	0	0	0	-1	-1	-1	0	0	0	-1
TACC3	2	1	-1	0	0	-1	1	0	-1	0	-1	0	-1	-1	0	1	0	-1	1	0	0	-1	1	-1	0	0	0	0	-1	0	-1	0	0	0	0	0	-1	-1	-1	0	0	0	-1
TMEM129	2	1	-1	0	0	-1	1	0	-1	0	-1	0	-1	-1	0	1	0	-1	1	0	0	-1	1	-1	0	0	0	0	-1	0	-1	0	0	0	0	0	-1	-1	-1	0	0	0	-1
FGFR3	2	1	-1	0	0	-1	1	0	-1	0	-1	0	-1	-1	1	1	0	-1	1	0	0	-1	1	-1	0	0	0	0	-1	0	-1	0	0	0	0	0	-1	-1	-1	0	0	0	-1
LETM1	2	1	-1	0	0	-1	1	0	-1	0	-1	0	-1	-1	1	1	0	-1	1	0	0	-1	1	-1	0	0	0	0	-1	0	-1	0	0	0	0	0	-1	-1	-1	0	0	0	-1
WHSC1	2	1	-1	0	0	-1	1	0	-1	0	-1	0	-1	-1	1	1	0	-1	1	0	0	-1	1	-1	0	0	0	0	-1	0	-1	0	0	0	0	0	-1	-1	-1	0	0	0	-1
MIR943	2	1	-1	0	0	-1	1	0	-1	0	-1	0	-1	-1	1	1	0	-1	1	0	0	-1	1	-1	0	0	0	0	-1	0	-1	0	0	0	0	0	-1	-1	-1	0	0	0	-1
SCARNA22	2	1	-1	0	0	-1	1	0	-1	0	-1	0	-1	-1	1	1	0	-1	1	0	0	-1	1	-1	0	0	0	0	-1	0	-1	0	0	0	0	0	-1	-1	-1	0	0	0	-1
WHSC2	2	1	-1	0	0	-1	1	0	-1	0	-1	0	-1	-1	1	1	0	-1	1	0	0	-1	1	-1	0	0	0	0	-1	0	-1	0	0	0	0	0	-1	-1	-1	0	0	0	-1
hsa-mir-943	2	1	-1	0	0	-1	1	0	-1	0	-1	0	-1	-1	1	1	0	-1	1	0	0	-1	1	-1	0	0	0	0	-1	0	-1	0	0	0	0	0	-1	-1	-1	0	0	0	-1
C4orf48	2	1	-1	0	0	-1	1	0	-1	0	-1	0	-1	-1	1	1	0	-1	1	0	0	-1	1	-1	0	0	0	0	-1	0	-1	0	0	0	0	0	-1	-1	-1	0	0	0	-1
NAT8L	2	1	-1	0	0	-1	1	0	-1	0	-1	0	-1	-1	1	1	0	-1	1	0	0	-1	1	-1	0	0	0	0	-1	0	-1	0	0	0	0	0	-1	-1	-1	0	0	0	-1
POLN	2	1	-1	0	0	-1	1	0	-1	0	-1	0	-1	-1	1	1	0	-1	1	0	0	-1	1	-1	0	0	0	0	-1	0	-1	0	0	0	0	0	-1	-1	-1	0	0	0	-1
HAUS3	-1	-1	-1	0	0	-1	1	0	-1	0	-1	0	-1	-1	1	1	0	-1	1	0	0	-1	1	-1	0	0	0	0	-1	0	-1	0	0	0	0	0	-1	-1	-1	0	0	0	-1
MIR4800	-1	-1	-1	0	0	-1	1	0	-1	0	-1	0	-1	-1	1	1	0	-1	1	0	0	-1	1	-1	0	0	0	0	-1	0	-1	0	0	0	0	0	-1	-1	-1	0	0	0	-1
MXD4	-1	-1	-1	0	0	-1	1	0	-1	0	-1	0	-1	-1	1	1	0	-1	1	0	0	-1	1	-1	0	0	0	0	-1	0	-1	0	0	0	0	0	-1	-1	-1	0	0	0	-1
ZFYVE28	-1	-1	-1	0	0	-1	1	0	-1	0	-1	0	-1	-1	1	1	0	-1	1	0	0	-1	1	-1	0	0	0	0	-1	0	-1	0	0	0	0	0	-1	-1	-1	0	0	0	-1
LOC402160	-1	-1	-1	0	0	-1	1	0	-1	0	-1	0	-1	-1	1	1	0	-1	1	0	0	-1	1	-1	0	0	0	0	-1	0	-1	0	0	0	0	0	-1	-1	-1	0	0	0	-1
RNF4	-1	-1	-1	0	0	-1	1	0	-1	0	-1	0	-1	-1	1	1	0	-1	1	0	0	-1	1	-1	0	0	0	0	-1	0	-1	0	0	0	0	0	-1	-1	-1	0	0	0	-1
FAM193A	-1	-1	-1	0	0	-1	1	0	-1	0	-1	0	-1	-1	1	1	0	-1	1	0	0	-1	1	-1	0	0	0	0	-1	0	-1	0	0	0	0	0	-1	-1	-1	0	0	0	-1
TNIP2	-1	-1	-1	0	0	-1	1	0	-1	0	-1	0	-1	-1	1	1	0	-1	1	0	0	-1	1	-1	0	0	0	0	-1	0	-1	0	0	0	0	0	-1	-1	-1	0	0	0	-1
SH3BP2	2	-1	-1	0	0	-1	1	0	-1	0	-1	0	-1	-1	1	1	0	-1	1	0	0	-1	1	-1	0	0	0	0	-1	0	-1	0	0	0	0	0	-1	-1	-1	0	0	0	-1
ADD1	2	-1	-1	0	0	-1	1	0	-1	0	-1	0	-1	-1	1	1	0	-1	1	0	0	-1	1	-1	0	0	0	0	-1	0	-1	0	0	0	0	0	-1	-1	-1	0	0	0	-1
C4orf10	2	-1	-1	0	0	-1	1	0	-1	0	-1	0	-1	-1	0	1	0	-1	1	0	0	-1	1	-1	0	0	0	0	-1	0	-1	0	0	0	0	0	-1	-1	-1	0	0	0	-1
MFSD10	2	-1	-1	0	0	-1	1	0	-1	0	-1	0	-1	-1	0	1	0	-1	1	0	0	-1	1	-1	0	0	0	0	-1	0	-1	0	0	0	0	0	-1	-1	-1	0	0	0	-1
NOP14	2	-1	-1	0	0	-1	1	0	-1	0	-1	0	-1	-1	0	1	0	-1	1	0	0	-1	1	-1	0	0	0	0	-1	0	-1	0	0	0	0	0	-1	-1	-1	0	0	0	-1
GRK4	2	-1	-1	0	0	-1	1	0	-1	0	-1	0	-1	-1	0	1	0	-1	1	0	0	-1	1	-1	0	0	0	0	-1	0	-1	0	0	0	0	0	-1	-1	-1	0	0	0	-1
HTT-AS1	2	-1	-1	0	0	-1	1	0	-1	0	-1	0	-1	-1	0	1	0	-1	1	0	0	-1	1	-1	0	0	0	0	-1	0	-1	0	0	0	0	0	-1	-1	-1	0	0	0	-1
HTT	2	1	-1	0	0	-1	1	0	-1	0	-1	0	-1	-1	0	1	0	-1	1	0	0	-1	1	-1	0	0	0	0	-1	0	-1	0	0	0	2	0	-1	-1	-1	0	0	0	-1
C4orf44	2	1	-1	0	0	-1	1	0	-1	0	-1	0	-1	-1	0	1	0	-1	1	0	0	-1	1	-1	0	0	0	0	-1	0	-1	0	0	0	2	0	-1	-1	-1	0	0	0	-1
RGS12	2	1	-1	0	0	-1	1	0	-1	0	-1	0	-1	-1	0	1	0	-1	1	0	0	-1	1	-1	0	0	0	0	-1	0	-1	0	0	0	2	0	-1	-1	-1	0	0	0	-1
HGFAC	2	1	-1	0	0	-1	1	0	-1	0	-1	0	-1	-1	0	1	0	-1	1	0	0	-1	1	-1	0	0	0	0	-1	0	-1	0	0	0	0	0	-1	-1	-1	0	0	0	-1
DOK7	2	1	-1	0	0	-1	1	0	-1	0	-1	0	-1	-1	0	1	0	-1	1	0	0	-1	1	-1	0	0	0	0	-1	0	-1	0	0	0	0	0	-1	-1	-1	0	0	0	-1
LRPAP1	2	1	-1	0	0	-1	1	0	-1	0	-1	0	-1	-1	0	1	0	-1	1	0	0	-1	1	-1	0	0	0	0	-1	0	-1	0	0	0	0	0	-1	-1	-1	0	0	0	-1
FLJ35424	2	1	-1	0	0	-1	1	0	-1	0	-1	0	-1	-1	0	1	0	-1	1	0	0	-1	1	-1	0	0	0	0	-1	0	-1	0	0	0	0	0	-1	-1	-1	0	0	0	-1
LOC100133461	2	1	-1	0	0	-1	1	0	-1	0	-1	0	-1	-1	0	1	0	-1	1	0	0	-1	1	-1	0	0	0	0	-1	0	-1	0	0	0	0	0	-1	-1	-1	0	0	0	-1
ADRA2C	2	1	-1	0	0	-1	1	0	-1	0	-1	0	-1	-1	0	1	0	-1	1	0	0	-1	1	-1	0	0	0	0	-1	0	-1	0	0	0	0	0	-1	-1	-1	0	0	0	-1
FAM86EP	2	-1	-1	0	0	-1	1	0	-1	0	-1	0	-1	-1	0	1	0	-1	1	0	0	-1	1	-1	0	0	0	0	-1	0	-2	0	0	0	0	0	-1	-1	-1	0	0	0	-1
OTOP1	2	-1	-1	0	0	0	1	0	-1	0	-1	0	-1	-1	0	1	0	-1	1	0	0	-1	1	-1	0	0	0	0	-1	0	-1	0	0	0	0	0	-1	-1	-1	0	0	0	-1
TMEM128	-1	-1	-1	0	0	0	1	0	-1	0	-1	0	-1	-1	0	1	0	0	1	0	0	-1	1	-1	0	0	0	0	-1	0	-1	0	0	0	0	0	-1	-1	-1	0	0	0	-1
LYAR	-1	-1	-1	0	0	0	1	0	-1	0	-1	0	-1	-1	0	1	0	0	1	0	0	-1	1	-1	0	0	0	0	-1	0	-1	0	0	0	0	0	-1	-1	-1	0	0	0	-1
ZBTB49	-1	-1	-1	0	0	0	1	0	-1	0	-1	0	-1	-1	0	1	0	0	1	0	0	-1	1	-1	0	0	0	0	-1	0	-1	0	0	0	0	0	-1	-1	-1	0	0	0	-1
D4S234E	-1	-1	-1	0	0	0	1	0	-1	0	-1	0	-1	-1	0	1	0	0	1	0	0	-1	1	-1	0	0	0	0	-1	0	-1	0	0	0	0	0	-1	-1	-1	0	0	0	-1
STX18	-1	-1	-1	0	0	0	1	0	-1	0	-1	0	-1	-1	0	1	0	-1	1	0	0	-1	1	-1	0	0	0	0	-1	0	-1	0	0	0	0	0	-1	-1	-1	0	0	0	-1
LOC100507266	-1	-1	-1	0	0	0	0	0	-1	0	-1	0	-1	-1	0	1	0	-1	1	0	0	-1	1	-1	0	0	0	0	-1	0	-1	0	0	0	0	0	-1	-1	-1	0	0	0	-1
MSX1	-1	-1	-1	0	0	0	1	0	-1	0	-1	0	-1	-1	0	1	0	-1	1	0	0	-1	1	-1	0	0	0	0	-1	0	-1	0	0	0	0	0	-1	-1	-1	0	0	0	-1
CYTL1	-1	-1	-1	0	0	0	1	0	-1	0	-1	0	-1	-1	0	1	0	-1	1	0	0	-1	1	-1	0	0	0	0	-1	0	-1	0	0	0	0	0	-1	-1	-1	0	0	0	-1
STK32B	-1	-1	-1	0	0	0	1	0	-1	0	-1	0	-1	-1	0	1	0	-1	1	0	0	-1	1	-1	0	0	0	0	-1	0	-1	0	0	0	0	0	-1	-1	-1	0	0	0	-1
C4orf6	-1	-1	-1	0	0	0	1	0	-1	0	-1	0	-1	-1	0	1	0	-1	1	0	0	-1	1	-1	0	0	0	0	-1	0	-1	0	0	0	0	0	-1	-1	-1	0	0	0	-1
EVC2	-1	-1	-1	0	0	0	1	0	-1	0	-1	0	-1	-1	0	1	0	-1	1	0	0	-1	1	-1	0	0	0	0	-1	0	-1	0	0	0	0	0	-1	-1	-1	0	0	0	-1
EVC	-1	-1	-1	0	0	0	1	0	-1	0	-1	0	-1	-1	0	1	0	-1	1	0	0	-1	1	-1	0	0	0	0	-1	0	-1	0	0	0	0	0	-1	-1	-1	0	0	0	-1
CRMP1	-1	-1	-1	0	0	0	1	0	-1	0	-1	0	-1	-1	0	1	0	-1	1	0	0	-1	-1	-1	0	0	0	0	-1	0	-1	0	0	0	0	0	-1	-1	-1	0	0	0	-1
MIR378D1	-1	-1	-1	0	0	0	1	0	-1	0	-1	0	-1	-1	0	1	0	-1	1	0	0	-1	-1	-1	0	0	0	0	-1	0	-1	0	0	0	0	0	-1	-1	-1	0	0	0	-1
JAKMIP1	-1	-1	-1	0	0	-1	1	0	-1	0	-1	0	-1	-1	0	1	0	-1	1	0	0	-1	-1	-1	0	0	0	0	-1	0	-1	0	0	0	0	0	-1	-1	-1	0	0	0	-1
LOC285484	-1	-1	-1	0	0	-1	1	0	-1	0	-1	0	-1	-1	0	1	0	-1	1	0	0	-1	-1	-1	0	0	0	0	-1	0	-1	0	0	0	0	0	-1	-1	-1	0	0	0	-1
PPP2R2C	-1	-1	-1	0	0	-1	1	0	-1	0	-1	0	-1	-1	0	1	0	-1	1	0	0	-1	-1	-1	0	0	0	0	-1	0	-1	0	0	0	0	0	-1	-1	-1	0	0	0	-1
WFS1	-1	-1	-1	0	0	-1	1	0	-1	0	-1	0	-1	-1	0	1	0	-1	1	0	0	-1	-1	-1	0	0	0	0	-1	0	-1	0	0	0	0	0	-1	-1	-1	0	0	0	-1
MAN2B2	-1	-1	-1	0	0	-1	1	0	-1	0	-1	0	-1	-1	0	1	0	-1	1	0	0	-1	-1	-1	0	0	0	0	-1	0	-1	0	0	0	0	0	-1	-1	-1	0	0	0	-1
MRFAP1	-1	-1	-1	0	0	-1	1	0	-1	0	-1	0	-1	-1	0	1	0	-1	1	0	0	-1	-1	-1	0	0	0	0	-1	0	-1	0	0	0	0	0	-1	-1	-1	0	0	0	-1
CNO	-1	-1	-1	0	0	-1	1	0	-1	0	-1	0	-1	-1	0	1	0	-1	1	0	0	-1	-1	-1	0	0	0	0	-1	0	-1	0	0	0	0	0	-1	-1	-1	0	0	0	-1
LOC93622	-1	-1	-1	0	0	-1	1	0	-1	0	-1	0	-1	-1	0	1	0	-1	1	0	0	-1	-1	-1	0	0	0	0	-1	0	-1	0	0	0	0	0	-1	-1	-1	0	0	0	-1
MRFAP1L1	-1	-1	-1	0	0	-1	1	0	-1	0	-1	0	-1	-1	0	1	0	-1	1	0	0	-1	-1	-1	0	0	0	0	-1	0	-1	0	0	0	0	0	-1	-1	-1	0	0	0	-1
S100P	-1	-1	-1	0	0	-1	1	0	-1	0	-1	0	-1	-1	0	1	0	-1	1	0	0	-1	-1	-1	0	0	0	0	-1	0	-1	0	0	0	0	0	-1	-1	-1	0	0	0	-1
KIAA0232	0	-1	-1	0	0	-1	1	0	-1	0	-1	0	-1	-1	0	1	0	-1	1	0	0	-1	-1	-1	0	0	0	0	-1	0	-1	0	0	0	0	0	-1	-1	-1	0	0	0	-1
TBC1D14	0	-1	-1	0	0	-1	1	0	-1	0	-1	0	-1	-1	0	1	0	-1	1	0	0	-1	-1	-1	0	0	0	0	-1	0	-1	0	0	0	0	0	-1	-1	-1	0	0	0	-1
CCDC96	0	-1	-1	0	0	-1	1	0	-1	0	-1	0	-1	-1	0	1	0	-1	1	0	0	-1	-1	-1	0	0	0	0	-1	0	-1	0	0	0	0	0	-1	-1	-1	0	0	0	-1
GRPEL1	0	-1	-1	0	0	-1	1	0	-1	0	-1	0	-1	-1	0	1	0	-1	1	0	0	-1	-1	-1	0	0	0	0	-1	0	-1	0	0	0	0	0	-1	-1	-1	0	0	0	-1
LOC100129931	0	-1	-1	0	0	-1	1	0	-1	0	-1	0	-1	-1	0	1	0	-1	1	0	0	-1	-1	-1	0	0	0	0	-1	0	-1	0	0	0	0	0	-1	-1	-1	0	0	0	-1
TADA2B	0	-1	-1	0	0	-1	1	0	-1	0	-1	0	-1	-1	0	1	0	-1	1	0	0	-1	-1	-1	0	0	0	0	-1	0	-1	0	0	0	0	0	-1	-1	-1	0	0	0	-1
FLJ36777	0	-1	-1	0	0	-1	1	0	-1	0	-1	0	-1	-1	0	1	0	-1	1	0	0	-1	-1	-1	0	0	0	0	-1	0	-1	0	0	0	0	0	-1	-1	-1	0	0	0	-1
SORCS2	1	-1	-1	0	0	-1	1	0	-1	0	0	-1	-1	-1	0	1	0	-1	1	0	0	-1	-1	-1	0	0	0	0	-1	0	-1	0	0	0	-1	0	-1	-1	-1	0	0	0	-1
MIR4798	0	-1	-1	0	0	-1	1	0	-1	0	0	0	-1	-1	0	1	0	-1	1	0	0	-1	-1	-1	0	0	0	0	-1	0	-1	0	0	0	-1	0	-1	-1	-1	0	0	0	-1
PSAPL1	1	-1	-1	0	0	-1	1	0	-1	0	0	0	-1	-1	0	1	0	-1	1	0	0	-1	-1	-1	0	0	0	0	-1	0	-1	0	0	0	-1	0	-1	-1	-1	0	0	0	-1
MIR4274	1	-1	-1	0	0	-1	1	0	-1	0	0	-1	-1	-1	0	1	0	-1	1	0	0	-1	-1	-1	0	0	0	0	-1	0	-1	0	0	0	-1	0	-1	-1	-1	0	0	0	-1
hsa-mir-4274	1	-1	-1	0	0	-1	1	0	-1	0	0	-1	-1	-1	0	1	0	-1	1	0	0	-1	-1	-1	0	0	0	0	-1	0	-1	0	0	0	-1	0	-1	-1	-1	0	0	0	-1
AFAP1-AS1	1	-1	-1	0	0	-1	1	0	-1	0	0	-1	-1	-1	0	1	0	-1	1	0	0	-1	-1	-1	0	0	0	0	-1	0	-1	0	0	0	-1	0	-1	-1	-1	0	0	0	-1
AFAP1	1	-1	-1	0	0	-1	1	0	-1	0	0	-1	-1	-1	0	1	0	-1	1	0	0	-1	-1	-1	0	0	0	0	-1	0	-1	0	0	0	-1	0	-1	-1	-1	0	0	0	-1
ABLIM2	1	-1	-1	0	0	0	1	0	-1	0	0	0	-1	-1	0	1	0	-1	1	0	0	-1	-1	-1	0	0	0	0	-1	0	-1	0	0	0	-1	0	-1	-1	-1	0	0	0	-1
hsa-mir-95	1	-1	-1	0	0	0	1	0	-1	0	0	0	-1	-1	0	1	0	-1	1	0	0	-1	-1	-1	0	0	0	0	-1	0	-1	0	0	0	-1	0	-1	-1	-1	0	0	0	-1
SH3TC1	0	-1	-1	0	0	0	1	0	-1	0	0	0	-1	-1	0	1	0	-1	1	0	0	-1	-1	-1	0	0	0	0	-1	0	-1	0	0	0	-1	0	-1	-1	-1	0	0	0	-1
HTRA3	0	-1	-1	0	0	0	1	0	-1	0	0	0	-1	-1	0	1	0	-1	1	0	0	-1	-1	-1	0	0	0	0	-1	0	-1	0	0	0	-1	0	-1	-1	-1	0	0	0	-1
ACOX3	0	-1	-1	0	0	0	1	0	-1	0	0	0	-1	-1	0	1	0	-1	1	0	0	-1	-1	-1	0	0	0	0	-1	0	-1	0	0	0	-1	0	-1	-1	-1	0	0	0	-1
METTL19	0	-1	-1	0	0	0	1	0	-1	0	0	0	-1	-1	0	1	0	-1	1	0	0	-1	-1	-1	0	0	0	0	-1	0	-1	0	0	0	-1	0	-1	-1	-1	0	0	0	-1
CPZ	0	-1	-1	0	0	0	1	0	-1	0	0	0	-1	-1	0	1	0	-1	1	0	0	-1	-1	-1	0	0	0	0	-1	0	-1	0	0	0	-1	0	-1	-1	-1	0	0	0	-1
GPR78	0	-1	-1	0	0	0	1	0	-1	0	0	0	-1	-1	0	1	0	-1	1	0	0	-1	-1	-1	0	0	0	0	-1	0	-1	0	0	0	-1	0	-1	-1	-1	0	0	0	-1
HMX1	0	-1	-1	0	0	0	1	0	-1	0	-1	1	-1	-1	0	1	0	-1	1	0	0	-1	-1	-1	0	0	0	0	-1	0	-1	0	0	0	-1	0	-1	-1	-1	0	0	0	-1
LOC650293	0	-1	-1	0	0	0	1	0	-1	0	-1	1	-1	-1	0	1	0	-1	1	0	0	-1	-1	-1	0	0	0	0	-1	0	-1	0	0	0	-1	0	-1	-1	-1	0	0	0	-1
LOC728369	0	-1	-1	0	0	0	1	0	-1	0	-1	1	-1	-1	0	1	0	-1	1	0	0	-1	-1	-1	0	0	0	0	-1	0	-1	0	0	0	-1	0	-1	-1	-1	0	0	0	-1
LOC728373	0	-1	-1	0	0	0	1	0	-1	0	-1	1	-1	-1	0	1	0	-1	1	0	0	-1	-1	-1	0	0	0	0	-1	0	-1	0	0	0	-1	0	-1	-1	-1	0	0	0	-1
LOC728379	0	-1	-1	0	0	0	1	0	-1	0	-1	1	-1	-1	0	1	0	-1	1	0	0	-1	-1	-1	0	0	0	0	-1	0	-1	0	0	0	-1	0	-1	-1	-1	0	0	0	-1
LOC728393	0	-1	-1	0	0	0	1	0	-1	0	-1	1	-1	-1	0	1	0	-1	1	0	0	-1	-1	-1	0	0	0	0	-1	0	-1	0	0	0	-1	0	-1	-1	-1	0	0	0	-1
LOC728400	0	-1	-1	0	0	0	1	0	-1	0	-1	1	-1	-1	0	1	0	-1	1	0	0	-1	-1	-1	0	0	0	0	-1	0	-1	0	0	0	-1	0	-1	-1	-1	0	0	0	-1
LOC728405	0	-1	-1	0	0	0	1	0	-1	0	-1	1	-1	-1	0	1	0	-1	1	0	0	-1	-1	-1	0	0	0	0	-1	0	-1	0	0	0	-1	0	-1	-1	-1	0	0	0	-1
USP17L5	0	-1	-1	0	0	0	1	0	-1	0	-1	1	-1	-1	0	1	0	-1	1	0	0	-1	-1	-1	0	0	0	0	-1	0	-1	0	0	0	-1	0	-1	-1	-1	0	0	0	-1
USP17L6P	0	-1	-1	0	0	0	1	0	-1	0	-1	1	-1	-1	0	1	0	-1	1	0	0	-1	-1	-1	0	0	0	0	-1	0	-1	0	1	0	-1	0	-1	-1	-1	0	0	0	-1
USP17	0	-1	-1	0	0	0	1	0	-1	0	-1	1	-1	-1	0	1	0	-1	1	0	0	-1	-1	-1	0	0	0	0	-1	0	-1	0	0	0	-1	0	-1	-1	-1	0	0	0	-1
DEFB131	0	-1	-1	0	0	0	1	0	-1	0	-1	1	-1	-1	0	1	0	-1	1	0	0	-1	-1	-1	0	0	0	0	-1	0	-1	0	1	0	-1	0	-1	-1	-1	0	0	0	-1
MIR548I2	0	-1	-1	0	0	0	1	0	-1	0	-1	1	-1	-1	0	1	0	-1	1	0	0	-1	-1	-1	0	0	0	0	-1	0	-1	0	0	0	-1	0	-1	-1	-1	0	0	0	-1
hsa-mir-548i-2	0	-1	-1	0	0	0	1	0	-1	0	-1	1	-1	-1	0	1	0	-1	1	0	0	-1	-1	-1	0	0	0	0	-1	0	-1	0	0	0	-1	0	-1	-1	-1	0	0	0	-1
DRD5	0	-1	-1	0	0	0	1	0	-1	0	-1	1	-1	-1	0	1	0	-1	1	0	0	-1	-1	-1	0	0	0	0	-1	0	-1	0	0	0	-1	0	-1	-1	-1	0	0	0	-1
SLC2A9	0	-1	-1	0	0	0	1	0	-1	0	-1	1	-1	-1	0	1	0	-1	1	0	0	-1	-1	-1	0	0	0	0	-1	0	-1	0	0	0	-1	0	-1	-1	-1	0	0	0	-1
WDR1	0	-1	-1	0	0	0	1	0	-1	0	-1	0	-1	-1	0	1	0	-1	1	0	0	-1	-1	-1	0	0	0	0	-1	0	-1	0	0	0	-1	0	-1	-1	-1	0	0	0	-1
MIR3138	0	-1	-1	0	0	0	1	0	-1	0	-1	0	-1	-1	0	1	0	-1	1	0	0	-1	-1	-1	0	0	0	0	-1	0	-1	0	0	0	-1	0	-1	-1	-1	0	0	0	-1
hsa-mir-3138	0	-1	-1	0	0	0	1	0	-1	0	-1	0	-1	-1	0	1	0	-1	1	0	0	-1	-1	-1	0	0	0	0	-1	0	-1	0	0	0	-1	0	-1	-1	-1	0	0	0	-1
ZNF518B	0	-1	-1	0	0	0	1	0	-1	0	-1	0	-1	-1	0	1	0	-1	1	0	0	-1	-1	-1	0	0	0	0	-1	0	-1	0	0	0	-1	0	-1	-1	-1	0	0	0	-1
CLNK	0	-1	-1	0	0	0	1	0	-1	0	-1	0	-1	-1	0	1	0	-1	1	0	0	-1	-1	-1	0	0	0	0	-1	0	-1	0	0	0	-1	0	-1	-1	-1	0	0	0	-1
HS3ST1	1	-1	-1	0	0	0	1	0	-1	0	-1	0	-1	-1	0	1	0	-1	1	0	0	-1	-1	-1	0	0	0	0	-1	0	-1	0	0	0	-1	0	-1	-1	-1	0	0	0	-1
MIR572	1	-1	-1	0	0	0	1	0	-1	0	-1	0	-1	-1	0	1	0	-1	1	0	0	-1	-1	-1	0	0	0	0	-1	0	-1	0	0	0	-1	0	-1	-1	-1	0	0	0	-1
hsa-mir-572	1	-1	-1	0	0	0	1	0	-1	0	-1	0	-1	-1	0	1	0	-1	1	0	0	-1	-1	-1	0	0	0	0	-1	0	-1	0	0	0	-1	0	-1	-1	-1	0	0	0	-1
HSP90AB2P	-1	-1	-1	0	0	0	1	0	-1	0	-1	0	-1	-1	0	1	0	-1	1	0	0	-1	-1	-1	0	0	0	0	-1	0	-1	0	0	0	-1	0	-1	-1	-1	0	0	0	-1
RAB28	-1	-1	-1	0	0	0	1	0	-1	0	-1	0	-1	-1	0	1	0	-1	1	0	0	-1	-1	-1	0	0	0	0	-1	0	-1	0	0	0	-1	0	-1	-1	-1	0	0	0	-1
LOC285547	-1	-1	-1	0	0	0	1	0	-1	0	-1	0	-1	-1	0	1	0	-1	1	0	0	-1	-1	-1	0	0	0	0	-1	0	-1	0	0	0	-1	0	-1	-1	-1	0	0	0	-1
BOD1L	-1	-1	-1	0	0	0	1	0	-1	0	-1	0	-1	-1	0	1	0	-1	1	0	0	-1	-1	-1	0	0	0	0	-1	0	-1	0	0	0	-1	0	-1	-1	-1	0	0	0	-1
LOC285548	-1	-1	-1	0	0	0	1	0	-1	0	-1	0	-1	-1	0	1	0	-1	1	0	0	-1	-1	-1	0	0	0	0	-1	0	-1	0	0	0	-1	0	-1	-1	-1	0	0	0	-1
NKX3-2	-1	-1	-1	0	0	0	1	0	-1	0	-1	0	-1	-1	0	1	0	-1	1	0	0	-1	-1	-1	0	0	0	0	-1	0	-1	0	0	0	-1	0	-1	-1	-1	0	0	0	-1
PACRGL	-1	-1	-1	0	0	0	0	0	-1	0	-1	0	-1	-1	0	1	0	-1	1	0	0	-1	-1	-1	0	0	0	0	-1	0	-1	0	0	0	0	0	-1	-1	-1	1	0	0	-1
GBA3	-1	-1	-1	0	0	0	0	0	-1	0	-1	0	-1	-1	0	1	0	-1	1	0	0	-1	-1	-1	0	0	0	0	-1	0	-1	0	0	0	0	0	-1	-1	-1	1	0	0	-1
PPARGC1A	-1	-1	-1	0	0	0	0	0	-1	0	-1	0	-1	-1	0	1	0	-1	1	0	0	-1	-1	-1	0	0	0	0	-1	0	-1	0	0	0	0	0	-1	-1	-1	1	0	0	-1
hsa-mir-574	1	-1	-1	0	0	0	0	0	-1	0	-1	0	-1	-1	0	1	0	-1	0	0	0	0	-1	1	0	0	0	0	-1	0	-1	0	0	0	-1	0	-1	-1	-1	0	0	0	-1
TMEM33	1	-1	-1	0	0	0	0	0	-1	0	-1	0	-1	-1	0	1	0	-1	0	0	0	0	-1	1	0	0	0	0	-1	0	-1	0	0	0	-1	0	-1	-1	-1	0	0	0	-1
SLC30A9	1	-1	-1	0	0	0	0	0	-1	0	-1	0	-1	-1	0	1	0	-1	0	0	0	0	-1	1	0	0	0	0	-1	0	-1	0	0	0	-1	0	-1	-1	-1	0	0	0	-1
C4orf43	-1	0	-1	0	-1	0	1	0	-1	0	-1	0	-1	-1	0	0	0	-1	-1	0	0	-2	-1	0	0	0	0	0	-1	0	-1	0	0	0	-1	-1	0	-1	-1	-1	0	0	-1
MAP3K1	0	1	-1	0	1	0	0	0	0	0	-1	0	0	-1	-1	1	0	0	0	0	0	-2	-1	-1	1	0	0	1	0	0	1	0	1	0	0	0	-1	0	-1	0	0	0	0
CCDC125	0	1	-1	0	1	0	0	0	0	0	-1	0	0	-1	-1	1	0	0	0	0	0	1	-1	-1	0	0	0	1	0	0	1	0	1	0	0	-1	-1	0	-1	0	0	0	0
hsa-mir-1289-2	0	0	0	0	1	0	0	0	0	1	1	1	0	1	0	1	0	0	0	0	0	1	0	-1	0	0	0	1	0	0	1	0	1	0	0	0	1	0	-1	-1	0	0	0
CRCP	0	-1	1	-1	1	-1	0	0	-1	0	-1	0	2	0	-1	1	0	-1	0	0	0	1	0	1	0	-1	0	1	0	0	0	0	0	0	0	0	1	0	0	0	0	0	-1
LOC100127983	1	0	1	0	1	0	0	0	0	1	2	0	0	1	0	-1	0	1	1	0	0	-1	-1	1	0	1	0	1	1	0	0	0	0	0	-1	1	-1	0	1	0	0	1	0
TMEM55A	1	0	1	0	1	0	0	0	0	1	2	0	0	1	0	-1	0	1	1	0	0	-1	-1	1	0	1	0	1	1	0	0	0	0	0	-1	1	-1	0	1	0	0	1	0
OTUD6B	1	0	1	0	1	0	0	0	0	1	2	0	0	1	0	-1	0	1	1	0	0	-1	-1	1	0	1	0	1	1	0	0	0	0	0	-1	1	-1	0	1	0	0	1	0
LRRC69	1	0	1	0	1	0	0	0	0	1	2	0	0	1	0	-1	0	1	1	0	0	-1	-1	1	0	1	0	1	1	0	0	0	0	0	-1	1	-1	0	1	0	0	1	0
MIR4661	1	0	1	0	1	0	0	0	0	1	2	0	0	1	0	-1	0	1	1	0	0	-1	-1	1	0	1	0	1	1	0	0	0	0	0	-1	1	-1	0	1	0	0	1	0
SLC26A7	1	0	1	0	1	0	0	0	0	1	2	0	0	1	0	-1	0	1	1	0	0	-1	-1	1	0	1	0	1	1	0	0	0	0	0	-1	1	-1	0	1	0	0	1	0
RUNX1T1	1	0	1	0	1	0	0	0	0	1	2	0	0	1	0	-1	0	1	1	0	0	0	-1	1	0	1	0	1	1	0	0	0	0	0	-1	1	-1	0	1	0	0	1	0
FLJ46284	1	0	1	0	1	0	0	0	0	1	0	0	0	1	0	-1	0	1	1	0	0	0	-1	1	0	1	0	1	1	0	0	0	0	0	-1	1	-1	0	1	0	0	1	0
C8orf83	1	0	1	0	1	0	0	0	0	1	0	0	0	1	0	-1	0	1	1	0	0	0	-1	1	0	1	0	1	1	0	0	0	0	0	-1	1	-1	0	1	0	0	1	0
LOC389676	1	0	1	0	1	0	0	0	0	1	0	0	0	1	0	-1	0	1	1	0	0	0	-1	1	0	1	0	1	1	0	0	0	0	0	-1	1	-1	0	1	0	0	1	0
LINC00535	1	0	1	0	1	0	0	0	1	1	0	0	0	1	0	-1	0	1	1	0	0	1	-1	1	0	1	0	1	1	0	0	0	0	0	-1	1	-1	0	1	0	0	1	0
FAM92A1	1	0	1	0	1	0	0	0	1	1	0	0	0	1	0	-1	0	1	1	0	0	1	-1	1	0	1	0	1	1	0	0	0	0	0	-1	1	-1	0	1	0	0	1	0
RBM12B	1	0	1	0	1	0	0	0	1	1	0	0	0	1	0	-1	0	1	1	0	0	1	-1	1	0	1	0	1	1	0	0	0	0	0	-1	1	-1	0	1	0	0	1	0
C8orf39	1	0	1	0	1	0	0	0	1	1	0	0	0	1	0	-1	0	1	1	0	0	1	-1	1	0	1	0	1	1	0	0	0	0	0	-1	1	-1	0	1	0	0	1	0
TMEM67	1	0	1	0	1	0	0	0	1	1	0	0	0	1	0	-1	0	1	1	0	0	1	-1	1	0	1	0	1	1	0	0	0	0	0	-1	1	-1	0	1	0	0	1	0
MIR378D2	1	0	1	0	1	0	0	0	1	1	0	0	0	1	0	-1	0	1	1	0	0	1	-1	1	0	1	0	1	1	0	0	0	0	0	-1	1	-1	0	1	0	0	1	0
PDP1	1	0	1	0	1	0	0	0	1	1	0	0	0	1	0	-1	0	1	1	0	0	1	-1	1	0	1	0	1	1	0	0	0	0	0	-1	1	-1	0	1	0	0	1	0
CDH17	1	0	1	0	1	0	0	0	0	1	0	0	0	1	0	-1	0	1	1	0	0	1	-1	1	0	1	0	1	1	0	0	0	0	0	-1	1	-1	0	1	0	0	1	0
GEM	1	0	1	0	1	0	0	0	0	1	0	0	0	1	0	-1	0	1	1	0	0	1	-1	1	0	1	0	1	1	0	0	0	0	0	-1	1	-1	0	1	0	0	1	0
FSBP	1	0	1	0	1	0	0	0	0	1	0	0	0	1	0	-1	0	1	1	0	0	1	-1	1	0	1	0	1	1	0	0	0	0	0	-1	1	-1	0	1	0	0	1	0
RAD54B	1	0	1	0	1	0	0	0	0	1	0	0	0	1	0	-1	0	1	1	0	0	1	-1	1	0	1	0	1	1	0	0	0	0	0	-1	1	-1	0	1	0	0	1	0
KIAA1429	1	0	1	0	1	0	0	0	0	1	0	0	0	1	0	-1	0	1	1	0	0	1	-1	1	0	1	0	1	1	0	0	0	0	0	-1	1	-1	0	1	0	0	1	0
ESRP1	1	0	1	0	1	0	0	0	0	1	0	0	0	1	0	-1	0	1	1	0	0	1	-1	1	0	1	0	1	1	0	0	0	0	0	-1	1	-1	0	1	0	0	1	0
LOC100288748	1	0	1	0	1	0	0	0	0	1	0	0	0	1	0	-1	0	1	1	0	0	1	-1	1	0	1	0	1	1	0	0	0	0	0	-1	1	-1	0	1	0	0	1	0
DPY19L4	1	0	1	0	1	0	0	0	0	1	0	0	0	1	0	-1	0	1	1	0	0	1	-1	1	0	1	0	1	1	0	0	0	0	0	-1	1	-1	0	1	0	0	1	0
INTS8	1	0	1	0	1	0	0	0	0	1	0	0	0	1	0	-1	0	1	1	0	0	1	-1	1	0	1	0	1	1	0	0	0	0	0	-1	1	-1	0	1	0	0	1	0
CCNE2	1	0	1	0	1	0	0	0	0	1	0	0	0	1	0	-1	0	1	1	0	0	1	-1	1	0	1	0	1	1	0	0	0	0	0	-1	1	-1	0	1	0	0	1	0
TP53INP1	1	0	1	0	1	0	0	0	0	1	0	0	0	1	0	-1	0	1	1	0	0	1	-1	1	0	1	0	1	1	0	0	0	0	0	-1	1	-1	0	1	0	0	1	0
C8orf38	1	0	1	0	1	0	0	0	0	1	0	0	0	1	0	-1	0	1	1	0	0	1	-1	1	0	1	0	1	1	0	0	0	0	0	-1	1	-1	0	1	0	0	1	0
MIR3150A	1	0	1	0	1	0	0	0	0	1	0	0	0	1	0	-1	0	1	1	0	0	1	-1	1	0	1	0	1	1	0	0	0	0	0	-1	1	-1	0	1	0	0	1	0
MIR3150B	1	0	1	0	1	0	0	0	0	1	0	0	0	1	0	-1	0	1	1	0	0	1	-1	1	0	1	0	1	1	0	0	0	0	0	-1	1	-1	0	1	0	0	1	0
hsa-mir-3150	1	0	1	0	1	0	0	0	0	1	0	0	0	1	0	-1	0	1	1	0	0	1	-1	1	0	1	0	1	1	0	0	0	0	0	-1	1	-1	0	1	0	0	1	0
PLEKHF2	1	0	1	0	1	0	0	0	0	1	0	0	0	1	0	-1	0	1	1	0	0	1	-1	1	0	1	0	1	1	0	0	0	0	0	-1	1	-1	0	1	0	0	1	0
C8orf69	1	0	1	0	1	0	0	0	0	1	0	0	0	1	0	-1	0	1	1	0	0	1	-1	1	0	1	0	1	1	0	0	0	0	0	-1	1	-1	0	1	0	0	1	0
C8orf37	1	0	1	0	1	0	0	0	0	1	0	0	0	1	0	-1	0	1	1	0	0	1	-1	1	0	1	0	1	1	0	0	0	0	0	-1	1	-1	0	1	0	0	1	0
LOC100616530	1	0	1	0	1	0	0	0	0	1	0	0	0	1	0	-1	0	1	1	0	0	1	-1	1	0	1	0	1	1	0	0	0	0	0	-1	1	-1	0	1	0	0	1	0
LOC100500773	1	0	1	0	1	0	0	0	0	1	0	0	0	1	0	-1	0	1	1	0	0	1	-1	1	0	1	0	1	1	0	0	0	0	0	-1	1	-1	0	1	0	0	1	0
GDF6	1	0	1	0	1	0	0	0	0	1	0	0	0	1	0	-1	0	1	1	0	0	1	-1	1	0	1	0	1	1	0	0	0	0	0	-1	1	-1	0	1	0	0	1	0
UQCRB	1	0	1	0	1	0	0	0	0	1	0	0	0	1	0	-1	0	1	1	0	0	1	-1	1	0	1	0	1	1	0	0	0	0	0	-1	1	-1	0	1	0	0	1	0
MTERFD1	1	0	1	0	1	0	0	0	0	1	0	0	0	1	0	-1	0	1	1	0	0	1	-1	1	0	1	0	1	1	0	0	0	0	0	-1	1	-1	0	1	2	0	1	0
PTDSS1	1	0	1	0	1	0	0	0	0	1	0	0	0	1	0	-1	0	1	1	0	0	1	-1	1	0	1	0	1	1	0	0	0	0	0	-1	1	-1	0	1	2	0	1	0
SDC2	1	0	1	0	1	0	0	0	0	1	0	0	0	1	0	-1	0	1	1	0	0	1	-1	1	0	1	0	1	1	-1	0	0	0	0	-1	1	-1	0	1	2	0	1	0
PGCP	1	0	1	0	1	0	0	0	0	1	0	0	0	1	0	-1	0	1	1	0	0	1	-1	1	0	1	0	1	1	-1	0	0	0	0	-1	1	-1	0	1	2	0	1	0
TSPYL5	1	0	1	0	1	0	0	0	0	1	0	0	0	1	0	-1	0	1	1	0	0	1	-1	1	0	1	0	1	1	0	0	0	0	0	-1	1	-1	0	1	1	0	1	0
MTDH	1	0	1	0	1	0	0	0	0	1	0	0	0	1	0	-1	0	1	1	0	0	1	-1	1	0	1	0	1	1	0	0	0	0	0	-1	1	-1	0	1	2	0	1	0
LAPTM4B	1	0	1	0	1	0	0	0	0	1	0	0	0	1	0	-1	0	1	1	0	0	1	-1	1	0	1	0	1	1	0	0	0	0	0	-1	1	-1	0	1	2	0	1	0
MATN2	1	0	1	0	1	0	0	0	0	1	0	0	0	1	0	-1	0	1	1	0	0	1	-1	1	0	1	0	1	1	0	0	0	0	0	-1	1	-1	0	1	2	0	1	0
RPL30	1	0	1	0	1	0	0	0	0	1	0	0	0	1	0	-1	0	1	1	0	0	1	-1	1	0	1	0	1	1	0	0	0	0	0	-1	0	-1	0	1	2	0	1	0
SNORA72	1	0	1	0	1	0	0	0	0	1	0	0	0	1	0	-1	0	1	1	0	0	1	-1	1	0	1	0	1	1	0	0	0	0	0	-1	0	-1	0	1	2	0	1	0
C8orf47	1	0	1	0	1	0	0	0	0	1	0	0	0	1	0	-1	0	1	1	0	0	1	-1	1	0	1	0	1	1	0	0	0	0	0	-1	0	-1	0	1	2	0	1	0
HRSP12	1	0	1	0	1	0	0	0	0	1	0	0	0	1	0	-1	0	1	1	0	0	1	-1	1	0	1	0	1	1	0	0	0	0	0	-1	0	-1	0	1	2	0	1	0
POP1	1	0	1	0	1	0	0	0	0	1	0	0	0	1	0	-1	0	1	1	0	0	1	-1	1	0	1	0	1	1	0	0	0	0	0	-1	0	-1	0	1	2	0	1	0
NIPAL2	1	0	1	0	1	0	0	0	0	1	0	0	0	1	0	-1	0	1	1	0	0	1	-1	1	0	1	0	1	1	0	0	0	0	0	-1	0	-1	0	1	2	0	1	0
KCNS2	1	0	1	0	1	0	0	0	0	1	0	0	0	1	0	-1	0	1	1	0	0	1	-1	1	0	1	0	1	1	0	0	0	0	0	-1	0	-1	0	1	2	0	1	0
STK3	1	0	1	0	-2	0	0	0	0	1	0	0	0	1	0	-1	0	1	1	0	0	1	-1	1	0	1	0	1	1	0	0	0	0	0	-1	0	-1	0	1	2	0	1	0
OSR2	1	0	1	0	-2	0	0	0	0	1	0	0	0	1	0	-1	0	1	1	0	0	1	-1	1	0	1	0	1	1	0	0	0	0	0	-1	0	-1	0	1	2	0	1	0
VPS13B	1	1	1	0	-2	0	0	0	0	1	1	0	0	1	0	-1	0	1	1	0	0	1	-1	1	0	1	0	1	1	0	0	0	0	0	-1	0	-1	0	1	2	0	1	0
MIR599	1	0	1	0	-2	0	0	0	0	1	1	0	0	1	0	-1	0	1	1	0	0	1	-1	1	0	1	0	1	1	0	0	0	0	0	-1	0	-1	0	1	2	0	1	0
MIR875	1	0	1	0	-2	0	0	0	0	1	1	0	0	1	0	-1	0	1	1	0	0	1	-1	1	0	1	0	1	1	0	0	0	0	0	-1	0	-1	0	1	2	0	1	0
hsa-mir-599	1	0	1	0	-2	0	0	0	0	1	1	0	0	1	0	-1	0	1	1	0	0	1	-1	1	0	1	0	1	1	0	0	0	0	0	-1	0	-1	0	1	2	0	1	0
hsa-mir-875	1	0	1	0	-2	0	0	0	0	1	1	0	0	1	0	-1	0	1	1	0	0	1	-1	1	0	1	0	1	1	0	0	0	0	0	-1	0	-1	0	1	2	0	1	0
COX6C	1	1	1	0	-1	0	0	0	0	1	1	0	0	1	0	-1	0	1	1	0	0	1	-1	1	0	1	0	1	1	0	0	0	0	0	-1	0	-1	0	1	2	0	1	0
RGS22	1	1	1	0	-1	0	0	0	0	1	1	0	0	1	0	-1	0	1	1	0	0	1	-1	1	0	1	0	1	1	0	0	0	0	0	-1	0	-1	0	1	2	0	1	0
hsa-mir-1273	1	1	1	0	-1	0	0	0	0	1	1	0	0	1	0	-1	0	1	1	0	0	1	-1	1	0	1	0	1	1	0	0	0	0	0	-1	0	-1	0	1	2	0	1	0
FBXO43	1	1	1	0	-1	0	0	0	0	1	1	0	0	1	0	-1	0	1	1	0	0	1	-1	1	0	1	0	1	1	0	0	0	0	0	-1	0	-1	0	1	2	0	1	0
POLR2K	1	1	1	0	-1	0	0	0	0	1	1	0	0	1	0	-1	0	1	1	0	0	1	-1	1	0	1	0	1	1	0	0	0	0	0	-1	0	-1	0	1	2	0	1	0
SPAG1	1	1	1	0	-1	0	0	0	0	1	1	0	0	1	0	-1	0	1	1	0	0	1	-1	1	0	1	0	1	1	0	0	0	0	0	-1	0	-1	0	1	2	0	1	0
RNF19A	1	0	1	0	-1	0	0	0	0	1	1	0	0	1	0	-1	0	1	1	0	0	1	-1	1	0	1	0	1	1	0	0	0	0	0	-1	0	-1	0	1	2	0	1	0
MIR4471	1	0	1	0	-1	0	0	0	0	1	1	0	0	1	0	-1	0	1	1	0	0	1	-1	1	0	1	0	1	1	0	0	0	0	0	-1	0	-1	0	1	2	0	1	0
ANKRD46	1	0	1	0	-1	0	0	0	0	1	1	0	0	1	0	-1	0	1	1	0	0	1	-1	1	0	1	0	1	1	0	0	0	0	0	-1	0	-1	0	1	2	0	1	0
SNX31	1	0	1	0	-1	0	0	0	0	1	1	0	0	1	0	-1	0	1	1	0	0	1	-1	1	0	1	0	1	1	0	0	0	0	0	-1	0	-1	0	1	2	0	1	0
PABPC1	1	0	1	0	-1	0	0	0	0	1	1	0	0	1	0	-1	0	1	1	0	0	1	-1	1	0	1	0	1	1	0	0	0	0	0	-1	0	-1	0	1	2	0	1	0
YWHAZ	1	0	1	0	-1	0	0	0	0	1	1	0	0	1	0	-1	0	1	1	0	0	1	-1	1	0	1	0	1	1	0	0	0	0	0	-1	0	-1	0	1	2	0	1	0
FLJ42969	1	0	1	0	-1	0	0	0	0	1	1	0	0	1	0	-1	0	1	1	0	0	1	-1	1	0	1	0	1	1	0	0	0	0	0	-1	0	-1	0	1	2	0	1	0
ZNF706	1	0	1	0	-1	0	0	0	0	1	1	0	0	1	0	-1	0	1	1	0	0	1	-1	1	0	1	0	1	1	0	0	0	0	0	-1	0	-1	0	1	2	0	1	0
NACAP1	1	0	1	0	-1	0	0	0	0	1	1	0	0	1	0	-1	0	1	1	0	0	1	-1	1	0	1	0	1	1	0	0	0	0	0	-1	0	-1	0	1	2	0	1	0
GRHL2	1	0	1	0	-1	0	0	0	0	1	1	0	0	1	0	-1	0	1	1	0	0	1	-1	1	0	1	0	1	1	0	0	0	0	0	-1	0	-1	0	1	2	0	1	0
NCALD	1	0	1	0	-1	0	0	0	0	1	1	0	0	1	0	-1	0	1	1	0	0	1	-1	1	-1	1	0	1	1	0	0	0	0	0	-1	0	-1	0	1	2	0	1	0
RRM2B	1	0	1	0	-1	0	0	0	0	1	1	0	0	1	0	-1	0	1	1	0	0	1	-1	0	0	1	0	1	1	0	0	0	0	0	-1	0	-1	0	1	2	0	1	0
UBR5	1	0	1	0	-1	0	0	0	0	1	1	0	0	1	0	-1	0	1	1	0	0	1	-1	0	0	1	0	1	1	0	0	0	0	0	-1	0	-1	0	1	2	0	1	0
ODF1	1	0	1	0	-1	0	0	0	0	1	1	0	0	1	0	-1	0	1	1	0	0	1	-1	0	0	1	0	1	1	0	0	0	0	0	-1	0	-1	0	1	2	0	1	0
KLF10	1	0	1	0	-1	0	0	0	0	1	1	0	0	1	0	-1	0	1	1	0	0	1	-1	0	0	1	0	1	1	0	0	0	0	0	-1	0	-1	0	1	2	0	1	0
AZIN1	1	0	1	0	-1	0	0	0	0	1	1	0	0	1	0	-1	0	1	1	0	0	1	-1	0	0	1	0	1	1	0	0	0	0	0	-1	0	-1	0	1	2	0	1	0
ATP6V1C1	1	0	1	0	-1	0	0	0	0	1	1	0	0	1	0	-1	0	1	1	0	0	1	-1	0	0	1	0	1	1	0	0	0	0	0	-1	0	-1	0	1	2	0	1	0
BAALC	1	0	1	0	-1	0	0	0	0	1	1	0	0	1	0	-1	0	1	1	0	0	1	-1	0	0	1	0	1	1	0	0	0	0	0	-1	0	-1	0	1	2	0	1	0
C8orf56	1	0	1	0	-1	0	0	0	0	1	1	0	0	1	0	-1	0	1	1	0	0	1	-1	0	0	1	0	1	1	0	0	0	0	0	-1	0	-1	0	1	2	0	1	0
MIR3151	1	0	1	0	-1	0	0	0	0	1	1	0	0	1	0	-1	0	1	1	0	0	1	-1	0	0	1	0	1	1	0	0	0	0	0	-1	0	-1	0	1	2	0	1	0
hsa-mir-3151	1	0	1	0	-1	0	0	0	0	1	1	0	0	1	0	-1	0	1	1	0	0	1	-1	0	0	1	0	1	1	0	0	0	0	0	-1	0	-1	0	1	2	0	1	0
LOC100499183	1	0	1	0	-1	0	0	0	0	1	1	0	0	1	0	-1	0	1	1	0	0	1	-1	0	0	1	0	1	1	0	0	0	0	0	-1	0	-1	0	1	2	0	1	0
FZD6	1	0	1	0	-1	0	0	0	0	1	1	0	0	1	0	-1	0	1	1	0	0	1	-1	0	0	1	0	1	1	0	0	0	0	0	-1	0	-1	0	1	2	0	1	0
CTHRC1	1	0	1	0	-1	0	0	0	0	1	1	0	0	1	0	-1	0	1	1	0	0	1	-1	0	0	1	0	1	1	0	0	0	0	0	-1	0	-1	0	1	2	0	1	0
SLC25A32	1	0	1	0	-1	0	0	0	0	1	1	0	0	1	0	-1	0	1	1	0	0	1	-1	0	0	1	0	1	1	0	0	0	0	0	-1	0	-1	0	1	2	0	1	0
DCAF13	1	0	1	0	-1	0	0	0	0	1	1	0	0	1	0	-1	0	1	1	0	0	1	-1	0	0	1	0	1	1	0	0	0	0	0	-1	0	-1	0	1	2	0	1	0
RIMS2	1	1	1	0	-1	0	0	0	0	1	1	0	0	1	0	-1	0	1	1	0	0	1	-1	0	0	1	0	1	1	0	0	0	0	0	-1	2	-1	0	1	2	0	1	0
TM7SF4	1	1	1	0	-1	0	0	0	0	1	1	0	0	1	0	-1	0	1	1	0	0	1	-1	0	0	1	0	1	1	0	0	0	0	0	-1	2	-1	0	1	2	0	1	0
DPYS	1	1	2	0	-1	0	0	0	0	1	1	0	0	1	0	-1	0	1	1	0	0	1	-1	0	0	1	0	1	1	0	0	0	0	0	-1	2	-1	0	1	2	0	1	0
LRP12	1	1	2	0	-1	0	0	0	0	1	1	0	0	1	0	-1	0	1	1	0	0	1	-1	0	0	1	0	1	1	0	0	0	0	0	-1	2	-1	0	1	2	0	1	0
hsa-mir-548a-3	1	1	2	0	-1	0	0	0	0	1	1	0	0	1	0	-1	0	1	1	0	0	1	-1	0	0	1	0	1	1	0	0	0	0	0	-1	2	-1	0	1	2	0	1	0
ZFPM2	1	1	2	0	-1	0	0	0	0	1	1	0	0	1	0	-1	0	1	1	0	0	1	-1	1	0	1	0	1	1	-1	0	0	0	0	-1	2	-1	0	1	2	0	1	0
OXR1	1	1	2	0	-1	0	0	0	0	1	2	0	0	1	0	-1	0	1	1	0	0	1	-1	1	0	1	0	1	1	0	0	0	0	0	-1	2	-1	0	1	2	0	1	0
ABRA	1	1	2	0	-1	0	0	0	0	1	2	0	0	1	0	-1	0	1	1	0	0	0	-1	1	0	1	0	1	1	0	0	0	0	0	-1	2	-1	0	1	2	0	1	0
ANGPT1	1	1	1	0	-1	0	0	0	0	1	2	0	0	1	0	2	0	1	1	0	0	0	-1	1	0	1	0	1	1	0	0	0	0	0	1	2	-1	0	1	2	0	1	0
RSPO2	1	1	1	0	-1	0	0	0	0	1	-1	0	0	1	0	-1	0	1	1	0	0	0	-1	1	0	1	0	1	1	0	0	0	0	0	1	2	-1	0	1	1	0	1	0
EIF3E	1	1	1	0	-1	0	0	0	0	1	-1	0	0	1	0	-1	0	1	1	0	0	0	-1	1	0	1	0	1	1	0	0	0	0	0	1	2	-1	0	1	1	0	1	0
TTC35	1	1	1	0	-1	0	0	0	0	1	-1	0	0	1	0	-1	0	1	1	0	0	0	-1	1	0	1	0	1	1	0	0	0	0	0	1	2	-1	0	1	2	0	1	0
TMEM74	1	1	1	0	-1	0	0	0	0	1	-1	0	0	1	0	-1	0	1	1	0	0	0	-1	1	0	1	0	1	1	0	0	0	0	0	1	2	-1	0	1	2	0	1	0
TRHR	1	1	1	0	-1	0	0	0	0	1	-1	0	0	1	0	-1	0	1	1	0	0	0	-1	1	0	1	0	1	1	0	0	0	0	0	1	2	-1	0	1	2	0	1	0
NUDCD1	1	1	1	0	-1	0	0	0	0	1	-1	0	0	1	1	-1	0	1	1	0	0	0	-1	1	0	1	0	1	1	0	0	0	0	0	1	2	-1	0	1	2	0	1	0
ENY2	1	1	1	0	-1	0	0	0	0	1	-1	0	0	1	1	-1	0	1	1	0	0	0	-1	1	0	1	0	1	1	0	0	0	0	0	1	2	-1	0	1	2	0	1	0
PKHD1L1	1	1	1	0	-1	0	0	0	2	1	-1	0	0	1	1	-1	0	1	1	0	0	0	-1	1	0	1	0	1	1	0	0	0	0	0	1	2	-1	0	1	2	0	1	0
EBAG9	1	1	1	0	-1	0	0	0	0	1	-1	0	0	1	1	-1	0	1	1	0	0	0	-1	1	0	1	0	1	1	0	0	0	0	0	1	2	-1	0	1	2	0	1	0
SYBU	1	1	1	0	-1	0	0	0	0	1	-1	0	0	1	1	-1	0	1	1	0	0	0	-1	1	0	1	0	1	1	0	0	0	0	0	1	2	-1	0	1	2	0	1	0
KCNV1	1	1	1	0	-1	0	0	0	0	1	-1	0	0	1	0	-1	0	1	1	0	0	0	-1	1	0	1	0	1	1	0	0	0	0	0	1	2	-1	0	1	2	0	1	0
CSMD3	1	1	1	0	-1	2	0	0	0	1	-1	0	0	1	2	-1	0	1	1	0	0	0	-1	1	0	1	0	1	1	0	0	0	0	0	1	2	-1	0	1	2	0	1	0
MIR2053	1	1	1	0	-1	0	0	0	0	1	-1	0	0	1	2	-1	0	1	1	0	0	0	-1	1	0	1	0	1	1	0	0	0	0	0	1	1	-1	0	1	2	0	1	0
hsa-mir-2053	1	1	1	0	-1	0	0	0	0	1	-1	0	0	1	2	-1	0	1	1	0	0	0	-1	1	0	1	0	1	1	0	0	0	0	0	1	1	-1	0	1	2	0	1	0
TRPS1	1	1	1	0	-1	0	0	0	2	1	-1	1	0	1	0	-1	1	1	1	0	0	0	-1	1	0	1	0	1	1	0	0	0	0	0	1	2	-1	0	1	2	0	1	0
LINC00536	1	1	1	0	-1	0	0	0	2	1	-1	1	0	1	0	2	1	1	1	0	0	0	-1	1	0	1	0	1	1	0	0	0	0	0	1	2	-1	0	1	2	0	1	0
EIF3H	1	1	1	0	-1	0	0	0	2	1	-1	1	0	1	0	-1	1	1	1	0	0	0	-1	1	0	1	0	1	1	0	0	0	0	0	1	2	-1	0	1	2	0	1	0
UTP23	1	1	1	0	-1	0	0	0	2	1	-1	1	0	1	0	-1	1	1	1	0	0	0	-1	1	0	1	0	1	1	0	0	0	0	0	1	2	-1	0	1	2	0	1	0
RAD21	1	1	1	0	-1	0	0	0	2	1	-1	1	0	1	0	-1	1	1	1	2	0	0	-1	1	0	1	0	1	1	0	0	0	0	0	1	2	-1	0	1	2	0	1	0
MIR3610	1	1	1	0	-1	0	0	0	2	1	-1	1	0	1	0	-1	1	1	1	2	0	0	-1	1	0	1	0	1	1	0	0	0	0	0	1	2	-1	0	1	2	0	1	0
RAD21-AS1	1	1	1	0	-1	0	0	0	2	1	-1	1	0	1	0	-1	1	1	1	2	0	0	-1	1	0	1	0	1	1	0	0	0	0	0	1	2	-1	0	1	2	0	1	0
C8orf85	1	1	1	0	-1	0	0	0	2	1	-1	1	0	1	0	-1	1	1	1	2	0	0	-1	1	0	1	0	1	1	0	0	0	0	0	1	2	-1	0	1	2	0	1	0
SLC30A8	1	1	2	0	-1	0	0	0	2	1	-1	1	0	1	2	-1	1	1	1	2	0	0	-1	1	0	1	0	1	1	0	0	0	0	0	1	2	-1	0	1	2	0	1	0
MED30	1	1	2	0	-1	0	0	0	2	1	-1	1	0	1	2	2	1	1	1	2	0	0	-1	1	0	1	0	1	1	0	0	0	0	0	1	2	-1	0	1	2	0	1	0
EXT1	1	1	2	0	-1	0	0	0	1	1	-1	1	0	1	1	2	1	1	1	2	0	0	-1	1	0	1	0	1	1	0	0	0	0	0	1	2	-1	0	1	2	0	1	0
SAMD12	1	1	2	0	-1	0	0	0	2	1	-1	1	0	1	1	-1	1	1	1	2	0	0	-1	1	0	1	0	1	1	0	0	0	0	0	1	2	-1	0	1	2	0	1	0
SAMD12-AS1	1	1	2	0	-1	0	0	0	2	1	-1	0	0	1	1	-1	1	1	1	2	0	0	-1	1	0	1	0	1	1	0	0	0	0	0	1	2	-1	0	1	2	0	1	0
TNFRSF11B	1	1	2	0	1	0	0	0	2	1	-1	0	0	1	1	-1	1	1	1	2	0	0	-1	1	0	1	0	1	1	0	0	0	0	0	1	2	-1	0	1	2	0	1	0
COLEC10	1	1	2	0	1	0	0	0	2	1	-1	0	0	1	1	-1	1	1	1	2	0	1	-1	1	0	1	0	1	1	0	0	0	0	0	1	2	-1	0	1	2	0	1	0
MAL2	1	1	2	0	1	0	0	0	2	1	-1	0	0	1	1	-1	1	1	1	2	0	1	-1	1	0	1	0	1	1	0	0	0	0	0	1	2	-1	0	1	2	0	1	0
NOV	1	1	2	0	1	0	0	0	2	1	-1	0	0	1	1	-1	1	1	1	2	0	1	-1	1	0	1	0	1	1	0	0	0	0	0	1	2	-1	0	1	2	0	1	0
ENPP2	1	1	2	0	1	0	0	0	2	1	-1	0	0	1	1	-1	1	1	1	0	0	1	-1	1	0	1	0	1	1	0	0	0	0	0	1	2	-1	0	1	2	0	1	0
TAF2	1	1	2	0	1	0	0	0	2	1	1	0	0	1	1	-1	1	1	1	0	0	1	-1	1	0	1	0	1	1	0	0	0	0	0	1	2	-1	0	1	1	0	1	0
DSCC1	1	1	2	0	1	0	0	0	2	1	-1	0	0	1	1	-1	1	1	1	0	0	1	-1	1	0	1	0	1	1	0	0	0	0	0	1	2	-1	0	1	1	0	1	0
DEPTOR	1	1	2	0	1	0	0	0	2	1	-1	0	0	1	1	-1	1	1	1	0	1	1	-1	1	0	1	0	1	1	0	0	0	0	0	1	2	-1	0	1	1	0	1	0
COL14A1	1	1	2	0	1	0	0	0	2	1	-1	0	0	1	1	-1	1	1	1	0	1	1	-1	1	0	1	0	1	1	0	0	0	0	0	1	2	-1	0	1	2	0	1	0
MRPL13	1	1	2	0	1	0	0	0	2	1	-1	0	0	1	1	-1	1	1	1	0	0	1	-1	1	0	1	0	1	1	0	0	0	0	0	1	2	-1	0	1	2	0	1	0
MTBP	1	1	2	0	1	0	0	0	2	1	-1	0	0	1	1	-1	1	1	1	0	0	1	-1	1	0	1	0	1	1	0	0	0	0	0	1	2	-1	0	1	2	0	1	0
SNTB1	1	1	2	0	1	0	0	0	2	1	-1	0	0	1	1	-1	1	1	1	0	0	1	-1	1	0	1	0	1	1	0	0	0	0	0	1	2	-1	0	1	2	0	1	0
HAS2	1	1	2	0	1	0	0	0	2	1	-1	0	0	1	1	-1	1	1	1	0	0	1	-1	1	0	1	0	1	1	0	0	0	0	0	1	2	-1	0	1	2	0	1	0
HAS2-AS1	1	1	2	0	1	0	0	0	2	1	-1	0	0	1	1	-1	1	1	1	0	0	1	-1	1	0	1	0	1	1	0	0	0	0	0	1	2	-1	0	1	2	0	1	0
ZHX2	1	1	2	0	1	0	0	0	1	1	-1	0	0	1	1	-1	1	1	1	0	0	1	-1	1	0	1	0	1	1	0	0	0	0	0	1	2	-1	0	1	2	0	1	0
DERL1	1	1	2	0	1	0	0	0	1	1	-1	0	0	1	1	-1	1	1	1	0	0	1	-1	1	0	1	0	1	1	0	0	0	0	0	1	2	-1	0	1	2	0	1	0
WDR67	1	1	2	0	1	0	0	0	1	1	-1	0	0	1	1	-1	1	1	1	0	0	1	-1	1	0	1	0	1	1	0	0	0	0	0	1	2	-1	0	1	2	0	1	0
FAM83A	1	1	2	0	1	0	0	0	1	1	-1	0	0	1	1	-1	1	1	1	2	0	1	-1	1	0	1	0	1	1	0	0	0	0	0	1	2	-1	0	1	2	0	1	0
LOC100131726	1	1	2	0	1	0	0	0	1	1	-1	0	0	1	1	-1	1	1	1	2	0	1	-1	1	0	1	0	1	1	0	0	0	0	0	1	2	-1	0	1	2	0	1	0
C8orf76	1	1	2	0	1	0	0	0	1	1	-1	0	0	1	1	-1	1	1	1	2	0	1	-1	1	0	1	0	1	1	0	0	0	0	0	1	2	-1	0	1	2	0	1	0
MIR4663	1	1	2	0	1	0	0	0	1	1	-1	0	0	1	1	-1	1	1	1	2	0	1	-1	1	0	1	0	1	1	0	0	0	0	0	1	2	-1	0	1	2	0	1	0
ZHX1-C8ORF76	1	1	2	0	1	0	0	0	1	1	-1	0	0	1	1	-1	1	1	1	2	0	1	-1	1	0	1	0	1	1	0	0	0	0	0	1	2	-1	0	1	2	0	1	0
ZHX1	1	1	2	0	1	0	0	0	1	1	-1	0	0	1	1	-1	1	1	1	2	0	1	-1	1	0	1	0	1	1	0	0	0	0	0	1	2	-1	0	1	2	0	1	0
ATAD2	1	1	2	0	1	0	0	0	1	1	-1	0	0	1	1	-1	1	1	1	2	0	1	-1	1	0	1	0	1	1	0	0	0	0	0	1	2	-1	0	1	2	0	1	0
hsa-mir-548d-1	1	1	2	0	1	0	0	0	1	1	-1	0	0	1	1	-1	1	1	1	2	0	1	-1	1	0	1	0	1	1	0	0	0	0	0	1	2	-1	0	1	2	0	1	0
WDYHV1	1	1	2	0	1	0	0	0	1	1	-1	0	0	1	1	-1	1	1	1	2	0	1	-1	1	0	1	0	1	1	0	0	0	0	0	1	2	-1	0	1	2	0	1	0
FBXO32	1	1	2	0	1	0	0	0	1	1	-1	0	0	1	1	-1	1	1	1	2	0	1	-1	1	0	1	0	1	1	0	0	0	0	0	1	2	-1	0	1	2	0	1	0
KLHL38	1	1	2	0	1	0	0	0	1	1	-1	0	0	1	1	-1	1	1	1	2	0	1	-1	1	0	1	0	1	1	0	0	0	0	0	1	2	-1	0	1	2	0	1	0
ANXA13	1	1	2	0	1	0	0	0	1	1	-1	0	0	1	1	-1	1	1	1	2	0	1	-1	1	0	1	0	1	1	0	0	0	0	0	1	2	-1	0	1	2	0	1	0
FAM91A1	1	1	2	0	1	0	0	0	1	1	-1	0	0	1	1	-1	1	1	1	2	0	1	-1	1	0	1	0	1	1	0	0	0	0	0	1	2	-1	0	1	2	0	1	0
FER1L6	1	1	2	0	1	0	0	0	1	1	-1	0	0	1	1	-1	1	1	0	2	0	1	-1	1	0	1	0	1	1	0	0	0	0	0	1	2	-1	0	1	2	0	1	0
FER1L6-AS1	1	1	2	0	1	0	0	0	1	1	-1	0	0	1	1	-1	1	1	0	2	0	1	-1	1	0	1	0	1	1	0	0	0	0	0	1	2	-1	0	1	2	0	1	0
TMEM65	1	1	2	0	1	0	0	0	1	1	-1	0	0	1	1	-1	1	1	0	2	0	1	-1	1	0	1	0	1	1	0	0	0	0	0	1	2	-1	0	1	2	0	1	0
TRMT12	1	1	2	0	1	0	0	0	1	1	-1	0	0	1	1	-1	1	1	0	2	0	1	-1	1	0	1	0	1	1	0	0	0	0	0	1	2	-1	0	1	2	0	1	0
RNF139	1	1	2	0	1	0	0	0	1	1	-1	0	0	1	1	-1	1	1	0	2	0	1	-1	1	0	1	0	1	1	0	0	0	0	0	1	2	-1	0	1	2	0	1	0
TATDN1	1	1	2	0	1	0	0	0	1	1	-1	0	0	1	1	-1	1	1	0	2	0	1	-1	1	0	1	0	1	1	0	0	0	0	0	1	2	-1	0	1	2	0	1	0
NDUFB9	1	1	2	0	1	0	0	0	1	1	-1	0	0	1	1	-1	1	1	0	2	0	1	-1	1	0	1	0	1	1	0	0	0	0	0	1	2	-1	0	1	2	0	1	0
MTSS1	1	1	2	0	1	0	0	0	1	1	-1	0	0	1	1	-1	1	1	0	2	0	1	-1	1	0	1	0	1	1	0	0	0	0	0	1	2	-1	0	1	2	0	1	0
LOC157381	1	1	2	0	1	0	0	0	1	1	-1	0	0	1	1	-1	1	1	0	2	0	1	-1	1	0	1	0	1	1	0	0	0	0	0	1	2	-1	0	1	2	0	1	0
ZNF572	1	1	2	0	1	0	0	0	1	1	-1	0	0	1	1	-1	1	1	0	2	0	1	-1	1	0	1	0	1	1	0	0	0	0	0	1	2	-1	0	1	2	0	1	0
SQLE	1	1	2	0	1	0	0	0	1	1	-1	0	0	1	1	-1	1	1	0	2	0	1	-1	1	0	1	0	1	1	0	0	0	0	0	1	2	-1	0	1	2	0	1	0
KIAA0196	1	1	2	0	1	0	0	0	1	1	-1	0	0	1	1	-1	1	1	0	2	0	1	-1	1	0	1	0	1	1	0	0	0	0	0	1	2	-1	0	1	2	0	1	0
NSMCE2	1	1	2	0	1	0	0	0	1	1	-1	0	0	1	1	-1	1	1	0	2	0	1	-1	1	0	1	0	1	1	0	0	0	0	0	1	2	-1	0	1	2	0	1	0
TRIB1	1	1	2	0	1	0	0	0	1	1	-1	0	0	1	1	-1	1	1	0	2	0	1	1	1	0	1	0	1	1	0	0	0	0	0	1	2	-1	0	1	2	0	1	0
LOC100130231	1	1	2	0	1	0	0	0	1	1	-1	0	0	1	1	2	1	1	1	2	0	1	0	1	0	1	0	1	1	0	0	0	0	0	1	2	-1	0	1	2	0	1	0
FAM84B	1	1	2	0	1	0	0	0	1	1	2	1	0	1	1	2	1	1	1	2	0	1	0	1	0	1	0	1	1	0	0	0	0	0	1	2	-1	0	1	2	0	1	0
PCAT1	1	1	2	0	1	0	0	0	1	1	2	1	0	1	1	2	1	1	1	2	0	1	-1	1	0	1	0	1	1	0	0	0	0	0	1	2	-1	0	1	2	0	1	0
POU5F1B	1	1	2	0	1	0	0	0	1	1	2	1	0	1	1	2	1	1	0	2	0	1	-1	1	0	1	0	1	1	0	0	0	0	0	1	2	-1	0	1	2	0	1	0
LOC727677	1	1	2	0	1	0	0	0	1	1	2	1	0	1	1	2	1	1	0	2	0	1	-1	1	0	1	0	1	1	0	0	0	0	0	1	2	-1	0	1	2	0	1	0
MYC	1	2	2	0	1	0	0	0	1	1	2	1	0	1	1	2	1	1	0	2	0	1	-1	1	0	1	0	1	1	0	0	0	0	0	1	2	-1	0	1	2	0	1	0
MIR1204	1	2	2	0	1	0	0	0	1	1	2	1	0	1	1	2	1	1	0	2	0	1	-1	1	0	1	0	1	1	0	0	0	0	0	1	2	-1	0	1	2	0	1	0
PVT1	1	2	2	0	1	0	1	0	1	1	2	1	0	1	1	2	1	1	0	2	0	1	-1	1	0	1	0	1	1	0	0	0	0	0	1	2	-1	0	1	2	0	1	0
hsa-mir-1204	1	2	2	0	1	0	0	0	1	1	2	1	0	1	1	2	1	1	0	2	0	1	-1	1	0	1	0	1	1	0	0	0	0	0	1	2	-1	0	1	2	0	1	0
MIR1205	1	2	2	0	1	0	1	0	1	1	2	1	0	1	1	2	1	1	0	2	0	1	-1	1	0	1	0	1	1	0	0	0	0	0	1	2	-1	0	1	2	0	1	0
hsa-mir-1205	1	2	2	0	1	0	1	0	1	1	2	1	0	1	1	2	1	1	0	2	0	1	-1	1	0	1	0	1	1	0	0	0	0	0	1	2	-1	0	1	2	0	1	0
MIR1206	1	2	2	0	1	0	1	0	1	1	2	1	0	1	1	2	1	1	0	2	0	1	-1	1	0	1	0	1	1	0	0	0	0	0	1	2	-1	0	1	2	0	1	0
hsa-mir-1206	1	2	2	0	1	0	1	0	1	1	2	1	0	1	1	2	1	1	0	2	0	1	-1	1	0	1	0	1	1	0	0	0	0	0	1	2	-1	0	1	2	0	1	0
MIR1207	1	2	2	0	1	0	1	0	1	1	2	1	0	1	1	2	1	1	0	2	0	1	-1	1	0	1	0	1	1	0	0	0	0	0	1	2	-1	0	1	2	0	1	0
hsa-mir-1207	1	2	2	0	1	0	1	0	1	1	2	1	0	1	1	2	1	1	0	2	0	1	-1	1	0	1	0	1	1	0	0	0	0	0	1	2	-1	0	1	2	0	1	0
MIR1208	1	2	2	0	1	0	1	0	1	1	2	1	0	1	1	2	1	1	0	2	0	1	-1	1	0	1	0	1	1	0	0	0	1	0	1	2	-1	0	1	2	0	1	0
hsa-mir-1208	1	2	2	0	1	0	1	0	1	1	2	1	0	1	1	2	1	1	0	2	0	1	-1	1	0	1	0	1	1	0	0	0	1	0	1	2	-1	0	1	2	0	1	0
LOC728724	1	1	2	0	1	0	0	0	1	1	2	0	0	1	1	2	1	1	1	2	0	1	-1	1	0	1	0	1	1	0	0	0	0	0	1	2	-1	0	1	2	0	1	0
GSDMC	1	1	2	0	1	0	0	0	1	1	2	0	0	1	1	2	1	1	1	2	0	1	-1	1	0	1	0	1	1	0	0	0	0	0	1	2	-1	0	1	2	0	1	0
FAM49B	1	1	2	0	1	0	0	0	1	1	2	0	0	1	1	2	1	1	1	2	0	1	-1	1	0	1	0	1	1	0	0	0	0	0	1	2	-1	0	1	2	0	1	0
ASAP1	1	1	2	0	1	0	0	0	1	1	2	0	0	1	1	2	1	1	1	2	0	1	-1	1	0	1	0	1	1	0	0	0	0	0	1	2	-1	0	1	2	0	1	0
LOC100507117	1	1	2	0	1	0	0	0	1	1	2	0	0	1	1	2	1	1	1	2	0	1	-1	1	0	1	0	1	1	0	0	0	0	0	1	2	-1	0	1	2	0	1	0
ASAP1-IT1	1	1	2	0	1	0	0	0	1	0	2	0	0	1	1	2	1	1	1	1	0	1	-1	1	0	1	0	1	1	0	0	0	0	0	0	2	-1	0	1	2	0	1	0
ADCY8	1	1	2	0	1	0	0	0	1	1	2	0	0	1	1	2	1	1	1	2	0	1	-1	1	0	1	0	1	1	0	0	0	0	0	0	2	-1	0	1	2	0	1	0
EFR3A	1	1	2	0	1	0	0	0	1	1	2	0	0	1	1	-1	1	1	1	2	0	1	-1	1	0	1	0	1	1	0	0	0	0	0	0	2	-1	0	1	2	0	1	0
OC90	1	1	2	0	1	0	0	0	1	1	2	0	0	1	1	-1	1	1	1	2	0	1	-1	1	0	1	0	1	1	0	0	0	0	0	0	2	-1	0	1	2	0	1	0
HHLA1	1	1	2	0	1	0	0	0	1	1	2	0	0	1	1	-1	1	1	1	2	0	1	-1	1	0	1	0	1	1	0	0	0	0	0	0	2	-1	0	1	2	0	1	0
KCNQ3	1	1	2	0	1	0	0	0	1	1	2	0	0	1	1	-1	1	1	1	2	0	1	-1	1	0	1	0	1	1	0	0	0	0	0	0	2	-1	0	1	2	0	1	0
HPYR1	1	1	2	0	1	0	0	0	1	1	2	0	0	1	1	0	1	1	1	2	0	1	-1	1	0	1	0	1	1	0	0	0	0	0	0	2	-1	0	1	2	0	1	0
LRRC6	1	1	2	0	1	0	0	0	1	1	2	0	0	1	1	-1	1	1	1	2	0	1	-1	1	0	1	0	1	1	0	0	0	0	0	0	2	-1	0	1	2	0	1	0
TMEM71	1	1	2	0	1	0	0	0	1	1	2	0	0	1	1	-1	1	1	1	2	0	1	-1	1	0	1	0	1	1	0	0	0	0	0	0	2	-1	0	1	2	0	1	0
PHF20L1	1	1	2	0	1	0	0	0	1	1	2	0	0	1	1	-1	1	1	1	2	0	1	-1	1	0	1	0	1	1	0	0	0	0	0	0	2	-1	0	1	2	0	1	0
TG	1	1	2	0	1	0	0	0	1	1	2	0	0	1	1	-1	1	1	1	2	0	1	-1	1	0	1	0	1	1	0	0	0	0	0	0	2	-1	0	1	2	0	1	0
SLA	1	1	2	0	1	0	0	0	1	1	2	0	0	1	1	-1	1	1	1	0	0	1	-1	1	0	1	0	1	1	0	0	0	0	0	0	2	-1	0	1	2	0	1	0
WISP1	1	1	2	0	1	0	0	0	1	1	2	0	0	1	1	-1	1	1	1	0	0	1	-1	1	0	1	0	1	1	0	0	0	0	0	0	2	-1	0	1	2	0	1	0
NDRG1	1	1	2	0	1	0	0	0	1	1	2	0	0	1	1	-1	1	1	1	0	0	1	-1	1	0	1	0	1	1	0	0	0	0	0	0	2	-1	0	1	2	0	1	0
ST3GAL1	1	1	2	0	1	0	0	0	1	1	2	0	0	1	1	-1	1	1	0	2	0	1	-1	1	0	1	0	1	1	0	0	0	0	0	0	2	-1	0	1	2	0	1	0
ZFAT	1	1	2	0	1	0	0	0	1	1	2	0	0	1	1	-1	1	1	0	2	0	1	-1	1	0	1	0	1	1	0	0	0	0	0	0	2	-1	0	1	2	0	1	0
ZFAT-AS1	1	1	2	0	1	0	0	0	1	1	2	0	0	1	1	-1	1	1	0	2	0	1	-1	1	0	1	0	1	1	0	0	0	0	0	0	2	-1	0	1	2	0	1	0
MIR30B	1	1	2	0	1	0	0	0	1	1	2	0	0	1	1	-1	1	1	0	2	0	1	-1	1	0	1	0	1	1	0	0	0	0	0	0	2	-1	0	1	2	0	1	0
MIR30D	1	1	2	0	1	0	0	0	1	1	2	0	0	1	1	-1	1	1	0	2	0	1	-1	1	0	1	0	1	1	0	0	0	0	0	0	2	-1	0	1	2	0	1	0
hsa-mir-30b	1	1	2	0	1	0	0	0	1	1	2	0	0	1	1	-1	1	1	0	2	0	1	-1	1	0	1	0	1	1	0	0	0	0	0	0	2	-1	0	1	2	0	1	0
hsa-mir-30d	1	1	2	0	1	0	0	0	1	1	2	0	0	1	1	-1	1	1	0	2	0	1	-1	1	0	1	0	1	1	0	0	0	0	0	0	2	-1	0	1	2	0	1	0
LOC286094	1	1	2	0	1	0	0	0	1	1	2	0	0	1	1	-1	1	1	0	2	0	1	-1	1	0	1	0	1	1	0	0	0	0	0	0	2	-1	0	1	1	0	1	0
KHDRBS3	1	1	2	0	1	0	0	0	1	1	2	0	0	1	1	-1	1	1	0	2	0	1	-1	-1	0	1	0	1	1	0	0	0	0	0	0	2	-1	0	1	1	0	1	0
FAM135B	1	1	2	0	1	0	0	0	1	1	2	0	0	1	1	-1	1	1	0	2	0	1	-1	-1	0	1	0	1	1	0	0	0	0	0	1	2	-1	0	1	1	0	1	0
COL22A1	1	1	2	0	1	0	0	0	1	1	2	0	0	1	1	-1	1	1	0	2	0	1	-1	-1	0	1	0	1	1	0	0	0	0	0	1	2	-1	0	1	1	0	0	0
KCNK9	1	1	2	0	1	0	0	0	1	1	2	0	0	1	1	-1	1	1	0	2	0	1	-1	-1	0	1	0	1	1	0	0	0	0	0	1	2	-1	0	1	1	0	1	0
TRAPPC9	1	1	2	0	1	0	0	0	1	1	2	0	0	1	1	-1	1	1	0	2	0	1	-1	-1	0	1	0	1	1	0	0	0	0	0	1	2	-1	0	1	1	0	1	0
CHRAC1	1	1	2	0	1	0	0	0	1	1	2	0	0	1	1	-1	1	1	0	2	0	1	-1	-1	0	1	0	1	1	0	0	0	0	0	1	2	-1	0	1	1	0	1	0
EIF2C2	1	1	2	0	1	0	0	0	1	1	2	0	0	1	1	-1	1	1	0	2	0	1	-1	-1	0	1	0	1	1	0	0	0	0	0	1	2	-1	0	1	1	0	1	0
PTK2	1	1	2	0	1	0	0	0	1	1	2	0	0	1	1	-1	1	1	0	2	0	1	-1	-1	0	1	0	1	1	0	0	0	0	0	1	2	-1	0	1	1	0	1	0
hsa-mir-151	1	1	2	0	1	0	0	0	1	1	2	0	0	1	1	-1	1	1	0	2	0	1	-1	-1	0	1	0	1	1	0	0	0	0	0	1	2	-1	0	1	1	0	1	0
DENND3	1	1	2	0	1	0	0	0	1	1	2	0	0	1	1	-1	1	1	0	2	0	1	-1	-1	0	1	0	1	1	0	0	0	0	0	1	2	-1	0	1	1	0	1	-1
SLC45A4	1	1	2	0	1	0	0	0	1	1	2	0	0	1	1	-1	1	1	0	2	0	1	-1	-1	0	1	0	1	1	0	0	0	0	0	1	2	-1	0	1	1	0	1	-1
GPR20	1	1	2	0	1	0	0	0	1	1	2	0	0	1	1	-1	1	1	0	2	0	1	-1	-1	0	1	0	1	1	0	0	0	0	0	1	2	-1	0	1	1	0	1	-1
LOC731779	1	1	2	0	1	0	0	0	1	1	2	0	0	1	1	-1	1	1	0	2	0	1	-1	-1	0	1	0	1	1	0	0	0	0	0	1	2	-1	0	1	1	0	1	-1
PTP4A3	1	1	2	0	1	0	0	0	1	1	2	0	0	1	1	-1	1	1	0	2	0	1	-1	-1	0	1	0	1	1	0	0	0	0	0	1	2	-1	0	1	1	0	1	-1
FLJ43860	1	1	2	0	1	0	0	0	1	1	2	0	0	1	1	-1	1	1	0	2	0	1	-1	-1	0	1	0	1	1	0	0	0	0	0	1	2	-1	0	1	1	0	1	-1
hsa-mir-1302-7	1	1	2	0	1	0	0	0	1	1	2	0	0	1	1	-1	1	1	0	2	0	1	-1	-1	0	1	0	1	1	0	0	0	0	0	1	2	-1	0	1	1	0	1	-1
MIR4472-1	1	1	2	0	1	0	0	0	1	1	2	0	0	1	1	-1	1	1	0	0	0	1	-1	-1	0	1	0	1	1	0	0	0	0	0	1	2	-1	0	1	1	0	0	-1
LINC00051	1	1	2	0	1	0	0	0	1	1	2	0	0	1	1	-1	1	1	0	0	0	1	-1	-1	0	1	0	1	1	0	0	0	0	0	1	2	-1	0	1	1	0	0	-1
TSNARE1	1	1	2	0	1	0	0	0	1	1	2	0	0	1	1	-1	1	1	0	0	0	1	-1	-1	0	1	0	1	1	0	0	0	0	0	1	2	-1	0	1	1	0	0	-1
BAI1	1	1	2	0	1	0	0	0	1	1	2	0	0	1	1	-1	1	1	0	0	0	1	-1	-1	0	1	0	1	1	0	0	0	0	0	1	2	-1	0	1	1	0	0	-1
ARC	1	1	2	0	1	0	0	0	1	1	2	0	0	1	1	-1	1	1	0	0	0	1	-1	-1	0	1	0	0	1	0	0	0	0	0	1	2	-1	0	1	1	0	0	-1
JRK	1	1	2	0	1	0	0	0	1	1	2	0	0	1	1	-1	1	1	0	0	0	1	-1	-1	0	1	0	0	1	0	0	0	0	0	1	2	-1	0	1	1	0	0	-1
PSCA	1	1	2	0	1	0	0	0	1	1	2	0	0	1	1	-1	1	1	0	0	0	1	-1	-1	0	1	0	0	1	0	0	0	0	0	1	2	-1	0	1	1	0	0	-1
LOC100288181	1	1	2	0	1	0	0	0	1	1	2	0	0	1	1	-1	1	1	0	0	0	1	-1	-1	0	1	0	0	1	0	0	0	0	0	1	2	-1	0	1	1	0	0	-1
LY6K	1	1	2	0	1	0	0	0	1	1	2	0	0	1	1	-1	1	1	0	0	0	1	-1	-1	0	1	0	0	1	0	0	0	0	0	1	2	-1	0	1	1	0	0	-1
C8orf55	1	1	2	0	1	0	0	0	1	1	2	0	0	1	1	-1	1	1	0	0	0	1	-1	-1	0	1	0	0	1	0	0	0	0	0	1	2	-1	0	1	1	0	0	-1
SLURP1	1	1	2	0	1	0	0	0	1	1	2	0	0	1	1	-1	1	1	0	0	0	1	-1	-1	0	1	0	0	1	0	0	0	0	0	1	2	-1	0	1	1	0	0	-1
LYPD2	1	1	2	0	1	0	0	0	1	1	2	0	0	1	1	-1	1	1	0	0	0	1	-1	-1	0	1	0	0	1	0	0	0	0	0	1	2	-1	0	1	1	0	0	-1
LYNX1	1	1	2	0	1	0	0	0	1	1	2	0	0	1	1	-1	1	1	0	0	0	1	-1	-1	0	1	0	0	1	0	0	0	0	0	1	2	-1	0	1	1	0	0	-1
LY6D	1	1	2	0	1	0	0	0	1	1	2	0	0	1	1	-1	1	1	0	0	0	1	-1	1	0	1	0	0	1	0	0	0	0	0	1	2	-1	0	1	1	0	0	-1
GML	1	1	2	0	1	0	0	0	1	1	2	0	0	1	1	-1	1	1	0	0	0	1	-1	1	0	1	0	0	1	0	0	0	0	0	1	2	-1	0	1	1	0	0	-1
CYP11B1	1	1	2	0	1	0	0	0	1	1	2	0	0	1	1	-1	1	1	0	0	0	1	-1	1	0	1	0	0	1	0	0	0	0	0	1	2	-1	0	1	1	0	0	-1
CYP11B2	1	1	2	0	1	0	0	0	1	1	2	0	0	1	1	-1	1	1	0	0	0	1	-1	1	0	1	0	0	1	0	0	0	0	0	1	2	-1	0	1	1	0	0	-1
LOC100133669	1	1	2	0	1	0	0	0	1	1	2	0	0	1	1	-1	1	1	0	0	0	1	-1	1	0	1	0	0	1	0	0	0	0	0	1	2	-1	0	1	1	0	0	-1
C8orf31	1	1	2	0	1	0	0	0	1	1	2	0	0	1	1	-1	1	0	0	0	0	1	-1	1	0	1	0	0	1	0	0	0	0	0	1	2	-1	0	1	1	0	0	-1
LY6E	1	1	2	0	1	0	0	0	1	1	2	0	0	1	1	-1	1	0	0	0	0	1	-1	1	0	1	0	0	1	0	0	0	0	0	1	2	-1	0	1	1	0	0	-1
LY6H	1	1	2	0	1	0	0	0	1	1	2	0	0	1	1	-1	1	0	0	0	0	1	-1	1	0	1	0	0	1	0	0	0	0	0	1	2	-1	0	1	1	0	0	-1
GPIHBP1	1	1	2	0	1	0	0	0	1	1	2	0	0	1	1	-1	1	0	0	0	0	1	-1	1	0	1	0	0	1	0	0	0	0	0	1	2	-1	0	1	1	0	0	-1
GLI4	1	1	2	0	1	0	0	0	1	1	2	0	0	1	1	-1	1	0	0	0	0	1	-1	1	0	1	0	0	1	0	0	0	0	0	1	2	-1	0	1	1	0	0	-1
ZFP41	1	1	2	0	1	0	0	0	1	1	2	0	0	1	1	-1	1	0	0	0	0	1	-1	1	0	1	0	0	1	0	0	0	0	0	1	2	-1	0	1	1	0	0	-1
ZNF696	1	1	2	0	1	0	0	0	1	1	2	0	0	1	1	-1	1	0	0	0	0	1	-1	1	0	1	0	0	1	0	0	0	0	0	1	2	-1	0	1	1	0	0	-1
TOP1MT	1	1	2	0	1	0	0	0	1	1	2	0	0	1	1	-1	1	0	0	0	0	1	-1	1	0	1	0	0	1	0	0	0	0	0	1	2	-1	0	1	1	0	0	-1
C8orf51	1	1	2	0	1	0	0	0	1	1	2	0	0	1	1	-1	1	0	0	0	0	1	-1	1	0	1	0	0	1	0	0	0	0	0	1	2	-1	0	1	1	0	0	-1
RHPN1	1	1	2	0	1	0	0	0	1	1	2	0	0	1	1	-1	1	0	0	0	0	1	-1	1	0	1	0	0	1	0	0	0	0	0	1	2	-1	0	1	1	0	0	-1
MAFA	1	1	2	0	1	0	0	0	1	1	2	0	0	1	1	-1	1	0	0	0	0	1	-1	1	0	1	0	0	1	0	0	0	0	0	1	2	-1	0	1	1	0	0	-1
ZC3H3	1	1	2	0	1	0	0	0	1	1	2	0	0	1	1	-1	1	0	0	0	0	1	-1	1	0	1	0	0	1	0	0	0	0	0	1	2	-1	0	1	1	0	0	-1
C8orf73	1	1	2	0	1	0	0	0	1	1	2	0	0	1	1	-1	1	0	0	0	0	1	-1	1	0	1	0	0	1	0	0	0	0	0	1	2	-1	0	1	1	0	0	-1
GSDMD	1	1	2	0	1	0	0	0	1	1	2	0	0	1	1	-1	1	0	0	0	0	1	-1	1	0	1	0	0	1	0	0	0	0	0	1	2	-1	0	1	1	0	0	-1
EEF1D	1	1	2	0	1	0	0	0	1	1	2	0	0	1	1	-1	1	0	0	0	0	1	-1	1	0	1	0	0	1	0	0	0	0	0	1	2	-1	0	1	1	0	0	-1
NAPRT1	1	1	2	0	1	0	0	0	1	1	2	0	0	1	1	-1	1	0	0	0	0	1	-1	1	0	1	0	0	1	0	0	0	0	0	1	2	-1	0	1	1	0	0	-1
TIGD5	1	1	2	0	1	0	0	0	1	1	2	0	0	1	1	-1	1	0	0	0	0	1	-1	1	0	1	0	0	1	0	0	0	0	0	1	2	-1	0	1	1	0	0	-1
PYCRL	1	1	2	0	1	0	0	0	1	1	2	0	0	1	1	-1	1	0	0	0	0	1	1	1	0	1	0	0	1	0	0	0	0	0	1	2	-1	0	1	1	0	0	-1
TSTA3	1	1	2	0	1	0	0	0	1	1	2	0	0	1	1	-1	1	0	0	0	0	1	1	1	0	1	0	0	1	0	0	0	0	0	1	2	-1	0	1	1	0	0	-1
LOC100507299	-1	-1	-1	0	1	0	0	0	0	0	-1	-1	0	-1	1	0	1	0	0	0	1	-1	-1	-1	0	-1	0	0	0	0	0	0	1	0	0	0	0	-1	-1	0	0	0	-1
KLF9	-1	-1	-1	0	1	0	0	0	0	0	-1	-1	0	-1	1	0	1	0	0	0	1	-1	-1	-1	0	-1	0	0	0	0	0	0	1	0	0	0	0	-1	-1	0	0	0	-1
TRPM3	-1	-1	-1	0	1	0	0	0	0	0	-1	-1	0	-1	1	0	1	0	0	0	1	-1	-1	-1	0	-1	0	0	0	0	0	0	1	0	0	1	0	-1	-1	0	0	0	-1
MIR204	-1	-1	-1	0	1	0	0	0	0	0	-1	-1	0	-1	1	0	1	0	0	0	1	-1	-1	-1	0	-1	0	0	0	0	0	0	1	0	0	1	0	-1	-1	0	0	0	-1
hsa-mir-204	-1	-1	-1	0	1	0	0	0	0	0	-1	-1	0	-1	1	0	1	0	0	0	1	-1	-1	-1	0	-1	0	0	0	0	0	0	1	0	0	1	0	-1	-1	0	0	0	-1
TMEM2	-1	-1	-1	0	1	0	0	0	0	0	-1	-1	0	-1	1	0	1	0	0	0	1	-1	-1	-1	0	-1	0	0	0	0	0	0	1	0	0	1	0	-1	-1	0	0	0	-1
FAM108B1	-1	-1	-1	0	1	0	0	0	0	0	-1	-1	0	-1	1	0	1	0	0	1	1	-1	-1	0	0	-1	0	0	0	0	0	0	1	0	0	1	0	-1	-1	0	0	0	-1
C9orf85	-1	-1	-1	0	1	0	0	0	0	0	-1	-1	0	-1	1	0	1	0	0	1	1	-1	-1	0	0	-1	0	0	0	0	0	0	1	0	0	1	0	-1	-1	0	0	0	-1
C9orf57	-1	-1	-1	0	1	0	0	0	0	0	-1	-1	0	-1	1	0	1	0	0	1	1	-1	-1	0	0	-1	0	0	0	0	0	0	1	0	0	1	0	-1	-1	0	0	0	-1
GDA	-1	-1	-1	0	1	0	0	0	0	0	-1	-1	0	-1	1	0	1	0	0	1	1	-1	-1	0	0	-1	0	0	0	0	0	0	1	0	0	1	0	-1	-1	0	0	0	-1
ZFAND5	-1	-1	-1	0	1	0	0	0	0	0	-1	-1	0	-1	1	0	1	0	0	0	1	-1	-1	0	0	-1	0	0	0	0	0	0	1	0	0	1	0	-1	-1	0	0	0	-1
TMC1	-1	-1	-1	0	1	0	0	0	0	0	-1	-1	0	-1	1	0	1	0	0	0	1	-1	-1	0	0	-1	0	0	1	0	0	0	1	0	0	1	0	-1	-1	0	0	0	-1
ALDH1A1	-1	-1	-1	0	1	0	0	0	0	0	-1	-1	0	-1	1	0	1	0	0	0	1	-1	-1	0	0	-1	0	0	1	0	0	0	1	0	0	1	0	-1	-1	0	0	0	-1
ANXA1	-1	-1	-1	0	1	0	0	0	0	0	-1	-1	0	-1	1	0	1	0	0	0	1	-1	-1	0	0	-1	0	0	1	0	0	0	1	0	0	1	0	-1	-1	0	0	0	-1
RORB	-1	-1	-1	0	1	0	0	0	0	0	-1	-1	0	-1	1	0	1	0	0	0	1	-1	-1	0	0	-1	0	0	1	0	0	0	1	0	0	1	0	-1	-1	0	0	0	-1
TRPM6	-1	-1	-1	0	1	0	0	0	0	0	-1	-1	0	-1	1	0	1	0	0	0	1	-1	-1	0	0	-1	0	0	0	0	0	0	0	0	0	1	0	-1	-1	0	0	0	-1
C9orf40	-1	-1	-1	0	1	0	0	0	0	0	-1	-1	0	-1	0	0	1	0	0	0	1	-1	-1	0	0	-1	0	0	0	0	0	0	0	0	0	1	0	-1	-1	0	0	0	-1
C9orf41	-1	-1	-1	0	1	0	0	0	0	0	-1	-1	0	-1	0	0	1	0	0	0	1	-1	-1	0	0	-1	0	0	0	0	0	0	0	0	0	1	0	-1	-1	0	0	0	-1
C9orf95	-1	-1	-1	0	1	0	0	0	0	0	-1	-1	0	-1	0	0	1	0	0	0	1	-1	-1	0	0	-1	0	0	0	0	0	0	0	0	0	1	0	-1	-1	0	0	0	-1
OSTF1	-1	-1	-1	0	1	0	0	0	0	0	-1	-1	0	-1	0	0	1	0	0	0	1	-1	-1	0	0	-1	0	0	0	0	0	0	0	0	0	1	0	-1	-1	0	0	0	-1
MIR548H3|chr9	-1	-1	-1	0	1	0	0	0	0	0	-1	-1	0	-1	0	0	1	0	0	0	1	-1	-1	0	0	-1	0	0	0	0	0	0	0	0	0	1	0	-1	-1	0	0	0	-1
PCSK5	-1	-1	-1	0	1	0	0	0	0	0	-1	-1	0	-1	0	0	1	0	0	-1	1	-1	-1	0	0	-1	0	0	0	0	0	0	0	0	0	1	0	-1	-1	0	0	0	-1
RFK	-1	-1	-1	0	1	0	0	0	0	0	-1	-1	0	-1	0	0	1	0	0	0	1	-1	-1	0	0	-1	0	0	0	0	0	0	0	0	0	1	0	-1	-1	0	0	0	-1
RPSAP9	-1	-1	-1	0	1	0	0	0	0	0	-1	-1	0	-1	0	0	1	0	0	0	1	-1	-1	0	0	-1	0	0	0	0	0	0	0	0	0	1	0	-1	-1	0	0	0	-1
GCNT1	-1	-1	-1	0	1	0	0	0	0	0	-1	-1	0	-1	0	0	1	0	0	0	1	-1	-1	0	0	-1	0	0	0	0	0	0	0	0	0	1	0	-1	-1	0	0	0	-1
PRUNE2	-1	-1	-1	0	1	0	0	0	0	0	-1	-1	0	-1	0	0	1	0	1	0	1	-1	-1	0	0	-1	0	0	0	0	0	0	0	0	0	1	0	-1	-1	0	0	0	-1
PCA3	-1	-1	-1	0	1	0	0	0	0	0	-1	-1	0	-1	0	0	1	0	1	0	1	-1	-1	0	0	-1	0	0	0	0	0	0	0	0	0	1	0	-1	-1	0	0	0	-1
FOXB2	-1	-1	-1	0	1	0	0	0	0	0	-1	-1	0	-1	0	0	1	0	1	0	1	-1	-1	0	0	-1	0	0	0	0	0	0	0	0	0	1	0	-1	-1	0	0	0	-1
LOC100286938	-1	-1	-1	0	1	0	0	0	0	0	-1	-1	0	-1	0	0	1	0	1	0	1	-1	-1	0	0	-1	0	0	0	0	0	0	0	0	0	1	0	-1	-1	0	0	0	-1
VPS13A	-1	-1	-1	0	1	0	0	0	0	0	-1	-1	0	-1	0	0	1	0	1	0	1	-1	-1	0	0	-1	0	0	0	0	0	0	0	0	0	1	0	-1	-1	0	0	0	-1
GNA14	-1	-1	-1	0	1	0	0	0	0	0	-1	-1	0	-1	0	0	1	0	1	0	1	-1	-1	0	0	-1	0	0	0	0	0	0	0	0	0	1	0	-1	-1	0	0	0	-1
GNAQ	-1	-1	-1	0	1	0	0	0	0	0	-1	-1	0	-1	0	0	1	0	1	0	1	-1	-1	0	0	-1	0	0	0	0	0	0	0	0	0	1	0	-1	-1	0	0	0	-1
CEP78	-1	-1	-1	0	1	2	0	0	0	0	-1	-1	0	-1	0	0	1	0	1	0	1	-1	-1	0	0	-1	0	0	0	0	0	0	0	0	0	1	0	-1	-1	0	0	0	-1
PSAT1	-1	-1	-1	0	1	2	0	0	0	0	-1	-1	0	-1	0	0	1	0	1	0	1	-1	-1	0	0	-1	0	0	0	0	0	0	0	0	0	1	0	-1	-1	0	0	0	-1
TLE4	-1	-1	-1	0	1	0	0	0	0	0	-1	-1	0	-1	0	0	1	0	1	0	1	-1	-1	0	0	-1	0	0	1	0	0	0	0	0	0	1	0	-1	-1	-1	0	0	-1
TLE1	-1	-1	-1	0	1	0	0	0	0	0	-1	-1	0	-1	0	0	1	0	1	0	1	-1	-1	0	0	-1	0	0	0	0	0	0	1	0	0	1	0	-1	-1	-1	0	0	-1
FAM75D3	-1	-1	-1	0	1	0	0	0	0	0	-1	-1	0	-1	0	0	1	0	1	0	1	-1	-1	0	0	-1	0	0	0	0	0	0	1	0	0	1	0	-1	-1	-1	0	0	-1
FAM75D4	-1	-1	-1	0	1	0	0	0	0	0	-1	-1	0	-1	0	0	1	0	1	0	1	-1	-1	0	0	-1	0	0	0	0	0	0	1	0	0	1	0	-1	-1	-1	0	0	-1
FAM75D5	-1	-1	-1	0	1	0	0	0	0	0	-1	-1	0	-1	0	0	1	0	1	0	1	-1	-1	0	0	-1	0	0	0	0	0	0	1	0	0	1	0	-1	-1	-1	0	0	-1
FAM75D1	-1	-1	-1	0	1	0	0	0	0	0	-1	-1	0	-1	0	0	1	0	1	0	1	-1	-1	0	0	-1	0	0	0	0	0	0	1	0	0	1	0	-1	-1	-1	0	0	-1
RASEF	-1	-1	-1	0	1	0	0	0	0	0	-1	-1	0	-1	0	0	1	0	1	0	1	-1	-1	0	0	-1	0	0	0	0	0	0	1	0	0	1	0	-1	-1	-1	0	0	-1
FRMD3	-1	-1	-1	0	1	0	0	0	0	0	-1	-1	0	-1	0	0	1	0	1	0	1	-1	-1	0	0	-1	0	0	0	0	0	0	1	0	0	1	0	-1	-1	-1	0	0	-1
C9orf103	-1	-1	-1	0	1	0	0	0	0	0	-1	-1	0	-1	0	0	1	0	1	0	1	-1	-1	0	0	-1	0	0	0	0	0	0	1	0	0	1	0	-1	-1	-1	0	0	-1
UBQLN1	-1	-1	-1	0	1	0	0	0	0	0	-1	-1	0	-1	0	0	1	0	1	0	1	-1	-1	0	0	-1	0	0	0	0	0	0	1	0	0	1	0	-1	-1	-1	0	0	-1
GKAP1	-1	-1	-1	0	1	0	0	0	0	0	-1	-1	0	-1	0	0	1	0	1	0	1	-1	-1	0	0	-1	0	0	0	0	0	0	1	0	0	1	0	-1	-1	-1	0	0	-1
KIF27	-1	-1	-1	0	1	0	0	0	0	0	-1	-1	0	-1	0	0	1	0	1	0	1	-1	-1	0	0	-1	0	0	0	0	0	0	1	0	0	1	0	-1	-1	-1	0	0	-1
C9orf64	-1	-1	-1	0	1	0	0	0	0	0	-1	-1	0	-1	0	0	1	0	1	0	1	-1	-1	0	0	-1	0	0	0	0	0	0	1	0	0	1	0	-1	-1	-1	0	0	-1
HNRNPK	-1	-1	-1	0	1	0	0	0	0	0	-1	-1	0	-1	0	0	1	0	1	0	1	-1	-1	0	0	-1	0	0	0	0	0	0	1	0	0	1	0	-1	-1	-1	0	0	-1
MIR7-1	-1	-1	-1	0	1	0	0	0	0	0	-1	-1	0	-1	0	0	1	0	1	0	1	-1	-1	0	0	-1	0	0	0	0	0	0	1	0	0	1	0	-1	-1	-1	0	0	-1
RMI1	-1	-1	-1	0	1	0	0	0	0	0	-1	-1	0	-1	0	0	1	0	1	0	1	-1	-1	0	0	-1	0	0	0	0	0	0	1	0	0	1	0	-1	-1	-1	0	0	-1
hsa-mir-7-1	-1	-1	-1	0	1	0	0	0	0	0	-1	-1	0	-1	0	0	1	0	1	0	1	-1	-1	0	0	-1	0	0	0	0	0	0	1	0	0	1	0	-1	-1	-1	0	0	-1
SLC28A3	-1	-1	-1	0	1	0	0	0	0	0	-1	0	0	-1	0	0	1	0	1	0	1	-1	-1	0	0	-1	0	0	0	0	0	0	1	0	0	1	0	-1	-1	-1	0	0	-1
NTRK2	-1	-1	-1	0	1	0	0	0	0	0	-1	-1	0	-1	0	0	1	0	1	0	1	-1	-1	0	0	-1	0	0	0	0	0	0	0	0	0	1	0	-1	-1	-1	0	0	-1
AGTPBP1	-1	-1	-1	0	1	0	0	0	0	0	-1	-1	0	-1	0	0	1	0	1	0	1	-1	-1	0	0	-1	0	0	0	0	0	0	0	0	0	1	0	-1	-1	-1	0	0	-1
LOC389765	-1	-1	-1	0	1	0	0	0	0	0	-1	-1	0	-1	0	0	1	0	1	0	1	-1	-1	0	0	-1	0	0	0	0	0	0	0	0	0	1	0	-1	-1	-1	0	0	-1
GOLM1	-1	-1	-1	0	1	0	0	0	0	0	-1	-1	0	-1	0	0	1	0	1	0	1	-1	-1	0	0	-1	0	0	0	0	0	0	0	0	0	1	0	-1	-1	-1	0	0	-1
NAA35	-1	-1	-1	0	1	0	0	0	0	0	-1	-1	0	-1	0	0	1	0	1	0	1	-1	-1	0	0	-1	0	0	0	0	0	0	0	0	0	1	0	-1	-1	-1	0	0	-1
C9orf153	-1	-1	-1	0	1	0	0	0	0	0	-1	-1	0	-1	0	0	1	0	1	0	1	-1	-1	-1	0	-1	0	0	0	0	0	0	0	0	0	1	0	-1	-1	-1	0	0	-1
ISCA1	-1	-1	-1	0	1	0	0	0	0	0	-1	-1	0	-1	0	0	1	0	1	0	1	-1	-1	-1	0	-1	0	0	0	0	0	0	0	0	0	1	0	-1	-1	-1	0	0	-1
ZCCHC6	-1	-1	-1	0	1	0	0	0	0	0	-1	-1	0	-1	0	0	1	0	1	0	1	-1	-1	-1	0	-1	0	0	0	0	0	0	0	0	0	1	0	-1	-1	-1	0	0	-1
GAS1	-1	-1	-1	0	1	0	0	0	0	0	-1	-1	0	-1	0	0	1	0	1	0	1	-1	-1	-1	0	-1	0	0	0	0	0	0	0	0	0	1	0	-1	-1	-1	0	0	-1
LOC440173	-1	-1	-1	0	1	0	0	0	0	0	-1	-1	0	-1	0	0	1	0	1	0	1	-1	-1	-1	0	-1	0	0	0	0	0	0	0	0	0	1	0	-1	-1	-1	0	0	-1
LOC494127	-1	-1	-1	0	1	0	0	0	0	0	-1	-1	0	-1	0	0	1	0	1	0	1	-1	-1	-1	0	-1	0	0	0	0	0	0	0	0	0	1	0	-1	-1	-1	0	0	-1
C9orf170	-1	-1	-1	0	1	0	0	0	0	0	-1	-1	0	-1	0	0	1	0	1	0	1	-1	-1	-1	0	-1	0	0	0	0	0	0	0	0	0	1	0	-1	-1	-1	0	0	-1
DAPK1	-1	-1	-1	0	1	0	0	0	0	0	-1	-1	0	-1	0	0	1	0	1	0	1	-1	-1	-1	0	-1	0	0	0	0	0	0	0	0	0	0	0	-1	-1	-1	0	0	-1
CTSL1	-1	-1	-1	0	1	0	0	0	0	0	-1	-1	0	-1	0	0	1	0	1	0	1	-1	-1	-1	0	-1	0	0	0	0	0	0	0	0	0	0	0	-1	-1	-1	0	0	-1
CTSL3	-1	-1	-1	0	1	0	0	0	0	0	-1	-1	0	-1	0	0	1	0	1	0	1	-1	-1	-1	0	-1	0	0	0	0	0	0	0	0	0	0	0	-1	-1	-1	0	0	-1
CTSL1P8	-1	-1	-1	0	1	0	0	0	0	0	-1	-1	0	-1	0	0	1	0	1	0	1	-1	-1	-1	0	-1	0	0	0	0	0	0	0	0	0	0	0	-1	-1	-1	0	0	-1
C9orf79	-1	-1	-1	0	1	0	0	0	0	0	-1	-1	0	-1	0	0	1	0	1	0	1	-1	-1	-1	0	-1	0	0	0	0	0	0	0	0	0	0	0	-1	-1	-1	0	0	-1
LOC392364	-1	-1	-1	0	1	0	0	0	0	0	-1	-1	0	-1	0	0	1	0	1	0	1	-1	-1	-1	0	-1	0	0	0	0	0	0	0	0	0	0	0	-1	-1	-1	0	0	-1
FAM75C1	-1	-1	-1	0	1	0	0	0	0	0	-1	-1	0	-1	0	0	1	0	1	0	1	-1	-1	-1	0	-1	0	0	0	0	0	0	0	0	0	0	0	-1	-1	-1	0	0	-1
CDK20	-1	-1	-1	0	1	0	0	0	0	0	-1	-1	0	-1	0	0	1	0	1	0	1	-1	-1	-1	0	-1	0	0	0	0	0	0	0	0	0	0	0	-1	-1	-1	0	0	-1
FAM75C2	-1	-1	-1	0	1	0	0	0	0	0	-1	-1	0	-1	0	0	1	0	1	0	1	-1	-1	-1	0	-1	0	0	0	0	0	0	0	0	0	0	0	-1	-1	-1	0	0	-1
SPIN1	-1	-1	-1	0	1	0	0	0	0	0	-1	-1	0	-1	0	0	1	0	1	0	1	-1	-1	-1	0	-1	0	0	0	0	0	0	0	0	0	0	0	-1	-1	-1	0	0	-1
NXNL2	-1	-1	-1	0	1	0	0	0	0	0	-1	-1	0	-1	0	0	1	0	1	0	1	-1	-1	-1	0	-1	0	0	0	0	0	0	0	0	0	0	0	-1	-1	-1	0	0	-1
LOC286238	-1	-1	-1	0	1	0	0	0	0	0	-1	-1	0	-1	0	0	1	0	1	0	1	-1	-1	-1	0	-1	0	0	0	0	0	0	0	0	0	0	0	-1	-1	-1	0	0	-1
MIR4289	-1	-1	-1	0	1	0	0	0	0	0	-1	-1	0	-1	0	0	1	0	1	0	1	-1	-1	-1	0	-1	0	0	0	0	0	0	0	0	0	0	0	-1	-1	-1	0	0	-1
hsa-mir-4289	-1	-1	-1	0	1	0	0	0	0	0	-1	-1	0	-1	0	0	1	0	1	0	1	-1	-1	-1	0	-1	0	0	0	0	0	0	0	0	0	0	0	-1	-1	-1	0	0	-1
C9orf47	-1	-1	-1	0	1	0	0	0	0	0	-1	-1	0	-1	0	0	1	0	1	0	1	-1	-1	-1	0	-1	0	0	0	0	0	0	0	0	0	0	0	-1	-1	-1	0	0	-1
S1PR3	-1	-1	-1	0	1	0	0	0	0	0	-1	-1	0	-1	0	0	1	0	1	0	1	-1	-1	-1	0	-1	0	0	0	0	0	0	0	0	0	0	0	-1	-1	-1	0	0	-1
SHC3	-1	-1	-1	0	1	0	0	0	0	0	-1	-1	0	-1	0	0	1	0	1	0	1	-1	-1	-1	0	-1	0	0	0	0	0	0	0	0	0	0	0	-1	-1	-1	0	0	-1
CKS2	-1	-1	-1	0	1	0	0	0	0	0	-1	-1	0	-1	0	0	1	0	1	0	1	-1	-1	-1	0	-1	0	0	0	0	0	0	0	0	0	0	0	-1	-1	-1	0	0	-1
MIR3153	-1	-1	-1	0	1	0	0	0	0	0	-1	-1	0	-1	0	0	1	0	1	0	1	-1	-1	-1	0	-1	0	0	0	0	0	0	0	0	0	0	0	-1	-1	-1	0	0	-1
SECISBP2	-1	-1	-1	0	1	0	0	0	0	0	-1	-1	0	-1	0	0	1	0	1	0	1	-1	-1	-1	0	-1	0	0	0	0	0	0	0	0	0	0	0	-1	-1	-1	0	0	-1
hsa-mir-3153	-1	-1	-1	0	1	0	0	0	0	0	-1	-1	0	-1	0	0	1	0	1	0	1	-1	-1	-1	0	-1	0	0	0	0	0	0	0	0	0	0	0	-1	-1	-1	0	0	-1
SEMA4D	-1	-1	-1	0	1	0	0	0	-1	0	-1	-1	0	-1	0	0	1	0	1	0	1	-1	-1	-1	0	-1	0	0	0	0	0	0	0	0	0	0	0	-1	-1	-1	0	0	-1
GADD45G	-1	-1	-1	0	1	0	0	0	-1	0	-1	-1	0	-1	0	0	1	0	1	0	1	-1	-1	-1	0	-1	0	0	0	0	0	0	0	0	0	0	0	-1	-1	-1	0	0	-1
UNQ6494	-1	-1	-1	0	1	0	0	0	-1	0	-1	-1	0	-1	0	0	1	0	1	0	1	-1	-1	-1	0	-1	0	0	0	0	0	0	0	0	0	0	0	-1	-1	-1	0	0	-1
LOC286370	-1	-1	-1	0	1	0	0	0	-1	0	-1	-1	0	-1	0	0	1	0	1	0	1	-1	-1	-1	0	-1	0	0	0	0	0	0	0	0	0	0	0	-1	0	-1	0	0	-1
MIR4290	-1	-1	-1	0	1	0	0	0	-1	0	-1	-1	0	-1	0	0	1	0	1	0	1	-1	-1	-1	0	-1	0	0	0	0	0	0	0	0	0	0	0	-1	0	-1	0	0	-1
hsa-mir-4290	-1	-1	-1	0	1	0	0	0	-1	0	-1	-1	0	-1	0	0	1	0	1	0	1	-1	-1	-1	0	-1	0	0	0	0	0	0	0	0	0	0	0	-1	0	-1	0	0	-1
LOC340515	-1	-1	-1	0	1	0	0	0	-1	0	-1	-1	0	-1	0	0	1	0	1	0	1	-1	-1	-1	0	-1	0	0	0	0	0	0	0	0	0	1	0	-1	0	-1	0	0	-1
DIRAS2	-1	-1	-1	0	1	0	0	0	-1	0	-1	-1	0	-1	0	0	1	0	1	0	1	-1	-1	-1	0	-1	0	0	0	0	0	0	0	0	0	1	0	-1	0	-1	0	0	-1
SYK	-1	-1	-1	0	1	0	0	0	-1	0	-1	-1	0	-1	0	0	1	0	1	0	1	-1	-1	-1	0	-1	0	0	0	0	0	0	0	0	0	1	0	-1	0	-1	0	0	-1
LOC100129316	-1	-1	-1	0	1	0	0	0	-1	0	-1	-1	0	-1	0	0	1	0	1	0	1	-1	-1	-1	0	-1	0	0	0	0	0	0	0	0	0	1	0	-1	0	-1	0	0	-1
AUH	-1	-1	-1	0	1	0	0	0	-1	0	-1	-1	0	-1	0	0	1	0	1	0	1	-1	-1	-1	0	-1	0	0	0	0	0	0	0	0	0	1	0	-1	0	-1	0	0	-1
NFIL3	-1	-1	-1	0	1	0	0	0	-1	0	-1	-1	0	-1	0	0	1	0	1	0	1	-1	-1	-1	0	-1	0	0	0	0	0	0	0	0	0	1	0	-1	0	-1	0	0	-1
MIR3910-1	-1	-1	-1	0	1	0	0	0	-1	0	-1	-1	0	-1	0	0	1	0	1	0	1	-1	-1	-1	0	-1	0	0	0	0	0	0	0	0	0	1	0	-1	0	-1	0	0	-1
MIR3910-2	-1	-1	-1	0	1	0	0	0	-1	0	-1	-1	0	-1	0	0	1	0	1	0	1	-1	-1	-1	0	-1	0	0	0	0	0	0	0	0	0	1	0	-1	0	-1	0	0	-1
ROR2	-1	-1	-1	0	1	0	0	0	-1	0	-1	-1	0	-1	0	0	1	0	1	0	1	-1	-1	-1	0	-1	0	0	0	0	0	0	0	0	0	1	0	-1	0	-1	0	0	-1
SPTLC1	-1	-1	-1	0	1	0	0	0	-1	0	-1	-1	0	-1	0	0	1	0	1	0	1	-1	-1	-1	0	-1	0	0	0	0	0	0	0	0	0	1	0	-1	0	-1	0	0	-1
LOC100128076	-1	-1	-1	0	1	0	0	0	-1	0	-1	-1	0	-1	0	0	1	0	1	0	1	-1	-1	-1	0	-1	0	0	0	0	0	0	0	0	0	1	0	0	0	-1	0	0	-1
LINC00475	-1	-1	-1	0	1	0	0	0	-1	0	-1	-1	0	-1	0	0	1	0	1	0	1	-1	-1	-1	0	-1	0	0	0	0	0	0	0	0	0	1	0	0	0	-1	0	0	-1
IARS	-1	-1	-1	0	1	0	0	0	-1	0	-1	-1	0	-1	0	0	1	0	1	0	1	-1	-1	-1	0	-1	0	0	0	0	0	0	0	0	0	1	0	0	0	-1	0	0	-1
MIR3651	-1	-1	-1	0	1	0	0	0	-1	0	-1	-1	0	-1	0	0	1	0	1	0	1	-1	-1	-1	0	-1	0	0	0	0	0	0	0	0	0	1	0	0	0	-1	0	0	-1
NOL8	-1	-1	-1	0	1	0	0	0	-1	0	-1	-1	0	-1	0	0	1	0	1	0	1	-1	-1	-1	0	-1	0	0	0	0	0	0	0	0	0	1	0	0	0	-1	0	0	-1
SNORA84	-1	-1	-1	0	1	0	0	0	-1	0	-1	-1	0	-1	0	0	1	0	1	0	1	-1	-1	-1	0	-1	0	0	0	0	0	0	0	0	0	1	0	0	0	-1	0	0	-1
CENPP	-1	-1	-1	0	1	0	0	0	-1	0	-1	-1	0	-1	0	0	1	0	1	0	1	-1	-1	-1	0	-1	0	0	0	0	0	0	0	0	0	1	0	0	0	-1	0	0	-1
OGN	-1	-1	-1	0	1	0	0	0	-1	0	-1	-1	0	-1	0	0	1	0	1	0	1	-1	-1	-1	0	-1	0	0	0	0	0	0	0	0	0	1	0	0	0	-1	0	0	-1
ASPN	-1	-1	-1	0	1	0	0	0	-1	0	-1	-1	0	-1	0	0	1	0	1	0	1	-1	-1	-1	0	-1	0	0	0	0	0	0	0	0	0	1	0	0	0	-1	0	0	-1
OMD	-1	-1	-1	0	1	0	0	0	-1	0	-1	-1	0	-1	0	0	1	0	1	0	1	-1	-1	-1	0	-1	0	0	0	0	0	0	0	0	0	1	0	0	0	-1	0	0	-1
ECM2	-1	-1	-1	0	1	0	0	0	-1	0	-1	-1	0	-1	0	0	1	0	1	0	1	-1	-1	-1	0	-1	0	0	0	0	0	0	0	0	0	1	0	0	0	-1	0	0	-1
MIR4670	-1	-1	-1	0	1	0	0	0	-1	0	-1	-1	0	-1	0	0	1	0	1	0	1	-1	-1	-1	0	-1	0	0	0	0	0	0	0	0	0	1	0	0	0	-1	0	0	-1
IPPK	-1	-1	-1	0	1	0	0	0	-1	0	-1	-1	0	-1	0	0	1	0	1	0	1	-1	-1	-1	0	-1	0	0	0	0	0	0	0	0	0	1	0	0	0	-1	0	0	-1
LOC100128361	-1	-1	-1	0	1	0	0	0	-1	0	-1	-1	0	-1	0	0	1	0	1	0	1	-1	-1	-1	0	-1	0	0	0	0	0	0	0	0	0	1	0	0	0	-1	0	0	-1
BICD2	-1	-1	-1	0	1	0	0	0	-1	0	-1	-1	0	-1	0	0	1	0	1	0	1	-1	-1	-1	0	-1	0	0	0	0	0	0	0	0	0	1	0	0	0	-1	0	0	-1
ANKRD19P	-1	-1	-1	0	1	0	0	0	-1	0	-1	-1	0	-1	0	0	1	0	1	0	1	-1	-1	-1	0	-1	0	0	0	0	0	0	0	0	0	1	0	0	0	-1	0	0	-1
ZNF484	-1	-1	-1	0	1	0	0	0	-1	0	-1	-1	0	-1	0	0	1	0	1	0	1	-1	-1	-1	0	-1	0	0	0	0	0	0	0	0	0	1	0	0	0	-1	0	0	-1
FGD3	-1	-1	-1	0	1	0	0	0	-1	0	-1	-1	0	-1	0	0	1	0	1	0	1	-1	-1	-1	0	-1	-1	0	0	0	0	0	0	0	0	1	0	0	0	-1	0	0	-1
SUSD3	-1	-1	-1	0	1	0	0	0	-1	0	-1	-1	0	-1	0	0	1	0	1	0	1	-1	-1	-1	0	-1	-1	0	0	0	0	0	0	0	0	1	0	0	0	-1	0	0	-1
C9orf89	-1	-1	-1	0	1	0	0	0	-1	0	-1	-1	0	-1	0	0	1	0	1	0	1	-1	-1	-1	0	-1	-1	0	0	0	0	0	0	0	0	1	0	0	0	-1	0	0	-1
NINJ1	-1	-1	-1	0	1	0	0	0	-1	0	-1	-1	0	-1	0	0	1	0	1	0	1	-1	-1	-1	0	-1	-1	0	0	0	0	0	0	0	0	1	0	0	0	-1	0	0	-1
WNK2	-1	-1	-1	0	1	0	0	0	-1	0	-1	-1	0	-1	0	0	1	0	1	0	1	-1	-1	-1	0	-1	-1	0	0	0	0	0	0	0	0	1	0	0	0	-1	0	0	-1
C9orf129	-1	-1	-1	0	1	0	0	0	-1	0	-1	-1	0	-1	0	0	1	0	1	0	1	-1	-1	-1	0	-1	-1	0	0	0	0	0	0	0	0	1	0	0	0	-1	0	0	-1
FAM120AOS	-1	-1	-1	0	1	0	0	0	-1	0	-1	-1	0	-1	0	0	1	0	1	0	1	-1	-1	-1	0	-1	0	0	0	0	0	0	0	0	0	1	0	0	0	-1	0	0	-1
FAM120A	-1	-1	-1	0	1	0	0	0	-1	0	-1	-1	0	-1	0	0	1	0	1	0	1	-1	-1	-1	0	-1	0	0	0	0	0	0	0	0	0	1	0	0	0	-1	0	0	-1
PHF2	-1	-1	-1	0	1	0	0	0	-1	0	-1	-1	0	-1	0	0	1	0	1	0	1	-1	-1	-1	0	-1	0	0	0	0	0	0	0	0	0	1	0	0	0	-1	0	0	-1
MIR4291	-1	-1	-1	0	1	0	0	0	-1	0	-1	-1	0	-1	0	0	1	0	1	0	1	-1	-1	-1	0	-1	0	0	0	0	0	0	0	0	0	1	0	0	0	-1	0	0	-1
hsa-mir-4291	-1	-1	-1	0	1	0	0	0	-1	0	-1	-1	0	-1	0	0	1	0	1	0	1	-1	-1	-1	0	-1	0	0	0	0	0	0	0	0	0	1	0	0	0	-1	0	0	-1
BARX1	-1	-1	-1	0	1	0	0	0	-1	0	-1	-1	0	-1	0	0	1	0	1	0	1	-1	-1	-1	0	-1	0	0	0	0	0	0	0	0	0	1	0	0	0	-1	0	0	-1
PTPDC1	-1	-1	-1	0	1	0	0	0	-1	0	-1	-1	0	-1	0	0	1	0	1	0	1	-1	-1	-1	0	-1	0	0	0	0	0	0	0	0	0	1	0	0	0	-1	0	0	-1
MIRLET7A1	-1	-1	-1	0	1	0	0	0	-1	0	-1	-1	0	-1	0	0	1	0	1	0	1	-1	-1	-1	0	-1	0	0	0	0	0	0	0	0	0	1	0	0	0	-1	0	0	-1
hsa-let-7a-1	-1	-1	-1	0	1	0	0	0	-1	0	-1	-1	0	-1	0	0	1	0	1	0	1	-1	-1	-1	0	-1	0	0	0	0	0	0	0	0	0	1	0	0	0	-1	0	0	-1
LOC158257	-1	-1	-1	0	1	0	0	0	-1	0	-1	-1	0	-1	0	0	1	0	1	0	1	-1	-1	-1	0	-1	0	0	0	0	0	0	0	0	0	1	0	0	0	-1	0	0	-1
MIRLET7F1	-1	-1	-1	0	1	0	0	0	-1	0	-1	-1	0	-1	0	0	1	0	1	0	1	-1	-1	-1	0	-1	0	0	0	0	0	0	0	0	0	1	0	0	0	-1	0	0	-1
hsa-let-7f-1	-1	-1	-1	0	1	0	0	0	-1	0	-1	-1	0	-1	0	0	1	0	1	0	1	-1	-1	-1	0	-1	0	0	0	0	0	0	0	0	0	1	0	0	0	-1	0	0	-1
MIRLET7D	-1	-1	-1	0	1	0	0	0	-1	0	-1	-1	0	-1	0	0	1	0	1	0	1	-1	-1	-1	0	-1	0	0	0	0	0	0	0	0	0	1	0	0	0	-1	0	0	-1
hsa-let-7d	-1	-1	-1	0	1	0	0	0	-1	0	-1	-1	0	-1	0	0	1	0	1	0	1	-1	-1	-1	0	-1	0	0	0	0	0	0	0	0	0	1	0	0	0	-1	0	0	-1
ZNF169	-1	-1	-1	0	1	0	0	0	-1	0	-1	-1	0	-1	0	0	1	0	1	0	1	-1	-1	-1	0	-1	0	0	0	0	0	0	0	0	0	1	0	0	0	-1	0	0	-1
FAM22F	-1	-1	-1	0	1	0	0	0	-1	0	-1	-1	0	-1	0	0	1	0	1	0	1	-1	-1	-1	0	-1	0	0	0	0	0	0	0	0	0	1	0	0	0	-1	0	0	-1
LOC100132077	-1	-1	-1	0	1	0	0	0	-1	0	-1	-1	0	-1	0	0	1	0	1	0	1	-1	-1	-1	0	-1	0	0	0	0	0	0	0	0	0	1	0	0	0	-1	0	0	-1
HIATL1	-1	-1	-1	0	1	0	0	0	-1	0	-1	-1	0	-1	0	0	1	0	1	0	1	-1	-1	-1	0	-1	0	0	0	0	0	0	0	0	0	1	0	0	0	-1	0	0	-1
FBP2	-1	-1	-1	0	1	0	0	0	-1	0	-1	-1	0	-1	0	0	1	0	1	0	1	-1	-1	-1	0	-1	0	0	0	0	0	0	0	0	0	1	0	0	0	-1	0	0	-1
FBP1	-1	-1	-1	0	1	0	0	0	-1	0	-1	-1	0	-1	0	0	1	0	1	0	1	-1	-1	-1	0	-1	0	0	0	0	0	0	0	0	0	1	0	0	0	-1	0	0	-1
C9orf3	-1	-1	-1	0	1	0	0	0	-1	0	-1	-1	0	-1	0	0	1	0	1	0	1	-1	-1	-1	0	-1	0	0	0	0	0	0	0	0	0	1	0	0	1	-1	0	0	-1
MIR2278	-1	-1	-1	0	1	0	0	0	-1	0	-1	-1	0	-1	0	0	1	0	1	0	1	-1	-1	-1	0	-1	0	0	0	0	0	0	0	0	0	1	0	0	1	-1	0	0	-1
hsa-mir-2278	-1	-1	-1	0	1	0	0	0	-1	0	-1	-1	0	-1	0	0	1	0	1	0	1	-1	-1	-1	0	-1	0	0	0	0	0	0	0	0	0	1	0	0	1	-1	0	0	-1
MIR23B	-1	-1	-1	0	1	0	0	0	-1	0	-1	-1	0	-1	0	0	1	0	1	0	1	-1	-1	-1	0	-1	0	0	0	0	0	0	0	0	0	1	0	0	1	-1	0	0	-1
MIR24-1	-1	-1	-1	0	1	0	0	0	-1	0	-1	-1	0	-1	0	0	1	0	1	0	1	-1	-1	-1	0	-1	0	0	0	0	0	0	0	0	0	1	0	0	1	-1	0	0	-1
MIR27B	-1	-1	-1	0	1	0	0	0	-1	0	-1	-1	0	-1	0	0	1	0	1	0	1	-1	-1	-1	0	-1	0	0	0	0	0	0	0	0	0	1	0	0	1	-1	0	0	-1
MIR3074	-1	-1	-1	0	1	0	0	0	-1	0	-1	-1	0	-1	0	0	1	0	1	0	1	-1	-1	-1	0	-1	0	0	0	0	0	0	0	0	0	1	0	0	1	-1	0	0	-1
hsa-mir-23b	-1	-1	-1	0	1	0	0	0	-1	0	-1	-1	0	-1	0	0	1	0	1	0	1	-1	-1	-1	0	-1	0	0	0	0	0	0	0	0	0	1	0	0	1	-1	0	0	-1
hsa-mir-24-1	-1	-1	-1	0	1	0	0	0	-1	0	-1	-1	0	-1	0	0	1	0	1	0	1	-1	-1	-1	0	-1	0	0	0	0	0	0	0	0	0	1	0	0	1	-1	0	0	-1
hsa-mir-27b	-1	-1	-1	0	1	0	0	0	-1	0	-1	-1	0	-1	0	0	1	0	1	0	1	-1	-1	-1	0	-1	0	0	0	0	0	0	0	0	0	1	0	0	1	-1	0	0	-1
hsa-mir-3074	-1	-1	-1	0	1	0	0	0	-1	0	-1	-1	0	-1	0	0	1	0	1	0	1	-1	-1	-1	0	-1	0	0	0	0	0	0	0	0	0	1	0	0	1	-1	0	0	-1
FANCC	-1	-1	-1	0	1	0	0	0	-1	0	-1	-1	0	-1	0	0	1	0	1	0	1	-1	-1	-1	0	-1	0	0	0	0	0	0	0	0	0	1	0	0	1	-1	0	0	-1
PTCH1	-1	-1	-1	0	1	0	0	0	-1	0	-1	-1	0	-1	0	0	1	0	1	0	1	-1	-1	-1	0	-1	0	0	0	0	0	0	0	0	0	1	0	0	1	-1	0	0	-1
LOC100507346	-1	-1	-1	0	1	0	0	0	-1	0	-1	-1	0	-1	0	0	1	0	1	0	1	-1	-1	-1	0	-1	0	0	0	0	0	0	0	0	0	1	0	0	1	-1	0	0	-1
LINC00476	-1	-1	-1	0	1	0	0	0	-1	0	-1	-1	0	-1	0	0	1	0	1	0	1	-1	-1	-1	0	-1	0	0	0	0	0	0	0	0	0	1	0	0	0	-1	0	0	-1
C9orf102	-1	-1	-1	0	1	0	0	0	-1	0	-1	-1	0	-1	0	0	1	0	1	0	1	-1	-1	-1	0	-1	0	0	0	0	0	0	0	0	0	1	0	0	0	-1	0	0	-1
LINC00092	-1	-1	-1	0	1	0	0	0	-1	0	-1	-1	0	-1	0	0	1	0	1	0	1	-1	-1	-1	0	-1	0	0	0	0	0	0	0	0	0	1	0	0	0	-1	0	0	-1
LOC158435	-1	-1	-1	0	1	0	0	0	-1	0	-1	-1	0	-1	0	0	1	0	1	0	1	-1	-1	-1	0	-1	0	0	0	0	0	0	0	0	0	1	0	0	0	-1	0	0	-1
LOC158434	-1	-1	-1	0	1	0	0	0	-1	0	-1	-1	0	-1	0	0	1	0	1	0	1	-1	-1	-1	0	-1	0	0	0	0	0	0	0	0	0	1	0	0	0	-1	0	0	-1
HSD17B3	-1	-1	-1	0	1	0	0	0	-1	0	-1	-1	0	-1	0	0	1	0	1	0	1	-1	-1	-1	0	-1	0	0	0	0	0	0	0	0	0	1	0	0	0	-1	0	0	-1
SLC35D2	-1	-1	-1	0	1	0	0	0	-1	0	-1	-1	0	-1	0	0	1	0	1	0	1	-1	-1	-1	0	-1	0	0	0	0	0	0	0	0	0	1	0	0	0	-1	0	0	-1
ZNF367	-1	-1	-1	0	1	0	0	0	-1	0	-1	-1	0	-1	0	0	1	0	1	0	1	-1	-1	-1	0	-1	0	0	0	0	0	0	0	0	0	1	0	0	0	-1	0	0	-1
CDC14B	-1	-1	-1	0	1	0	0	0	-1	0	-1	-1	0	-1	0	0	1	0	1	0	1	-1	-1	-1	0	-1	0	0	0	0	0	0	0	0	0	1	0	0	0	-1	0	0	-1
HABP4	-1	-1	-1	0	1	0	0	0	-1	0	-1	-1	0	-1	0	0	1	0	1	0	1	-1	-1	-1	0	-1	0	0	0	0	0	0	0	0	0	1	0	0	0	-1	0	0	-1
C9orf21	-1	-1	-1	0	1	0	0	0	-1	0	-1	-1	0	-1	0	0	1	0	1	0	1	-1	-1	-1	0	-1	0	0	0	0	0	0	0	0	0	1	0	0	0	-1	0	0	-1
LOC441455	-1	-1	-1	0	1	0	0	0	-1	0	-1	-1	0	-1	0	0	1	0	1	0	1	-1	-1	-1	0	-1	0	0	0	0	0	0	0	0	0	1	0	0	0	-1	0	0	-1
ZNF510	-1	-1	-1	0	1	0	0	0	-1	0	-1	-1	0	-1	0	0	1	0	1	0	1	-1	-1	-1	0	-1	0	0	0	0	0	0	0	0	0	1	0	0	0	-1	0	0	-1
ZNF782	-1	-1	-1	0	1	0	0	0	-1	0	-1	-1	0	-1	0	0	1	0	1	0	1	-1	-1	-1	0	-1	0	0	0	0	0	0	0	0	0	1	0	0	0	-1	0	0	-1
LOC100132781	-1	-1	-1	0	1	0	0	0	-1	0	-1	-1	0	-1	0	0	1	0	1	0	1	-1	-1	-1	0	-1	0	0	0	0	0	0	0	0	0	1	0	0	0	-1	0	0	-1
LOC441454	-1	-1	-1	0	1	0	0	0	-1	0	-1	-1	0	-1	0	0	1	0	1	0	1	-1	-1	-1	0	-1	0	0	0	0	0	0	0	0	0	1	0	0	0	-1	0	0	-1
FAM22G	-1	-1	-1	0	1	0	0	0	-1	0	-1	-1	0	-1	0	0	1	0	1	0	1	-1	-1	-1	0	-1	0	0	0	0	0	0	0	0	0	1	0	0	0	-1	0	0	-1
HIATL2	-1	-1	-1	0	1	0	0	0	-1	0	-1	-1	0	-1	0	0	1	0	1	0	1	-1	-1	-1	0	-1	0	0	0	0	0	0	0	0	0	1	0	0	0	-1	0	0	-1
CTSL2	-1	-1	-1	0	1	0	0	0	-1	0	-1	-1	0	-1	0	0	1	0	1	0	1	-1	-1	-1	0	-1	0	0	0	0	0	0	0	0	0	1	0	0	0	-1	0	0	-1
LOC340508	-1	-1	-1	0	1	0	0	0	-1	0	-1	-1	0	-1	0	0	1	0	1	0	1	-1	-1	-1	0	-1	0	0	0	0	0	0	0	0	0	1	0	0	0	-1	0	0	-1
BDAG1	-1	-1	-1	0	1	0	0	0	-1	0	-1	-1	0	-1	0	0	1	0	1	0	1	-1	-1	-1	0	-1	0	0	0	0	0	0	0	0	2	1	0	0	0	-1	0	0	-1
LOC100499484	-1	-1	-1	0	1	0	0	0	-1	0	-1	-1	0	-1	0	0	1	0	1	0	1	-1	-1	-1	0	-1	0	0	0	0	0	0	0	0	1	1	0	0	0	-1	0	0	-1
C9orf174	-1	-1	-1	0	1	0	0	0	-1	0	-1	-1	0	-1	0	0	1	0	1	0	1	-1	-1	-1	0	-1	0	0	0	0	0	0	0	0	2	1	0	0	0	-1	0	0	-1
hsa-mir-1302-8	-1	-1	-1	0	1	0	0	0	-1	0	-1	-1	0	-1	0	0	1	0	1	0	1	-1	-1	-1	0	-1	0	0	0	0	0	0	0	0	2	1	0	0	0	-1	0	0	-1
LOC286359	-1	-1	-1	0	1	0	0	0	-1	0	-1	-1	0	-1	0	0	1	0	1	0	1	-1	-1	-1	0	-1	0	0	0	0	0	0	0	0	2	1	0	0	0	-1	0	0	-1
TDRD7	-1	-1	-1	0	1	0	0	0	-1	0	-1	-1	0	-1	0	0	1	0	1	0	1	-1	-1	-1	0	-1	0	0	0	0	0	0	0	0	2	1	0	0	0	-1	0	0	-1
TMOD1	-1	-1	-1	0	1	0	0	0	-1	0	-1	-1	0	-1	0	0	1	0	1	0	1	-1	-1	-1	0	-1	0	0	0	0	0	0	0	0	2	1	0	0	0	-1	0	0	-1
NCBP1	-1	-1	-1	0	1	0	0	0	-1	0	-1	-1	0	-1	0	0	1	0	1	0	1	-1	-1	-1	0	-1	0	0	0	0	0	0	0	0	2	1	0	0	0	-1	0	0	-1
TSTD2	-1	-1	-1	0	1	0	0	0	-1	0	-1	-1	0	-1	0	0	1	0	1	0	1	-1	-1	-1	0	-1	0	0	0	0	0	0	0	0	2	1	0	0	0	-1	0	0	-1
XPA	-1	-1	-1	0	1	0	0	0	-1	0	-1	-1	0	-1	0	0	1	0	1	0	1	-1	-1	-1	0	-1	0	0	0	0	0	0	0	0	2	1	0	0	0	-1	0	0	-1
FOXE1	-1	-1	-1	0	1	0	0	0	-1	0	-1	-1	0	-1	0	0	1	0	1	0	1	-1	-1	-1	0	-1	0	0	0	0	0	0	0	0	0	1	0	0	0	-1	0	0	-1
C9orf156	-1	-1	-1	0	1	0	0	0	-1	0	-1	-1	0	-1	0	0	1	0	1	0	1	-1	-1	-1	0	-1	0	0	0	0	0	0	0	0	0	1	0	0	0	-1	0	0	-1
HEMGN	-1	-1	-1	0	1	0	0	0	-1	0	-1	-1	0	-1	0	0	1	0	1	0	1	-1	-1	-1	0	-1	0	0	0	0	0	0	0	0	0	1	0	0	0	-1	0	0	-1
ANP32B	-1	-1	-1	0	1	0	0	0	-1	0	-1	-1	0	-1	0	0	1	0	1	0	1	-1	-1	-1	0	-1	0	0	0	0	0	0	0	0	0	1	0	0	0	-1	0	0	-1
NANS	-1	-1	-1	0	1	0	0	0	-1	0	-1	-1	0	-1	0	0	1	0	1	0	1	-1	-1	-1	0	-1	0	0	0	0	0	0	0	0	0	1	0	0	0	-1	0	0	-1
TRIM14	-1	-1	-1	0	1	0	0	0	-1	0	-1	-1	0	-1	0	0	1	0	1	0	1	-1	-1	-1	0	-1	0	0	0	0	0	0	0	0	0	1	0	0	0	-1	0	0	-1
CORO2A	-1	-1	-1	0	1	0	0	0	-1	0	-1	-1	0	-1	0	0	1	0	1	0	1	-1	-1	-1	0	-1	0	0	0	0	0	0	0	0	0	1	0	0	0	-1	0	0	-1
TBC1D2	-1	-1	-1	0	1	0	0	0	-1	0	-1	-1	0	-1	0	0	1	0	1	0	1	-1	-1	-1	0	-1	0	0	0	0	0	0	0	0	0	1	0	0	0	-1	0	0	-1
GABBR2	-1	-1	-1	0	1	0	0	0	-1	0	-1	-1	0	-1	0	0	1	0	1	0	1	-1	-1	-1	0	-1	0	0	0	0	0	0	0	0	0	1	0	0	0	-1	0	0	-1
ANKS6	-1	-1	-1	0	1	0	0	0	-1	0	-1	-1	0	-1	0	0	1	0	1	0	1	-1	-1	-1	0	-1	0	0	0	0	0	0	0	0	0	1	0	0	0	-1	0	0	-1
GALNT12	-1	-1	-1	0	1	0	0	0	-1	0	-1	-1	0	-1	0	0	1	0	1	0	1	-1	-1	-1	0	-1	0	0	0	0	0	0	0	0	0	1	0	0	0	-1	0	0	-1
COL15A1	-1	-1	-1	0	1	0	0	0	-1	0	-1	-1	0	-1	0	0	1	0	1	0	1	-1	-1	-1	0	-1	0	0	0	0	0	0	0	0	0	1	0	0	0	-1	0	0	-1
TGFBR1	-1	-1	-1	0	1	0	0	0	-1	0	-1	-1	0	-1	0	0	1	0	1	0	1	-1	-1	-1	-1	-1	0	0	0	0	0	0	0	0	0	1	0	0	0	-1	0	0	-1
ALG2	-1	-1	-1	0	1	0	0	0	-1	0	-1	-1	0	-1	0	0	1	0	1	0	1	-1	-1	-1	-1	-1	0	0	0	0	0	0	0	0	0	1	0	0	0	-1	0	0	-1
SEC61B	-1	-1	-1	0	1	0	0	0	-1	0	-1	-1	0	-1	0	0	1	0	1	0	1	-1	-1	-1	-1	-1	0	0	0	0	0	0	0	0	0	1	0	0	0	-1	0	0	-1
NR4A3	-1	-1	-1	0	1	0	0	0	-1	0	-1	-1	0	-1	0	0	1	0	1	0	1	-1	-1	-1	-1	-1	0	0	0	0	0	0	0	0	0	1	0	0	1	-1	0	0	-1
LOC441461	-1	-1	-1	0	1	0	0	0	-1	0	-1	-1	0	-1	0	0	1	0	1	0	1	-1	-1	-1	-1	-1	0	0	0	0	0	0	0	0	0	1	0	0	1	-1	0	0	-1
STX17	-1	-1	-1	0	1	0	0	0	-1	0	-1	-1	0	-1	0	0	1	0	1	0	1	-1	-1	-1	-1	-1	0	0	1	0	0	0	0	0	0	1	0	0	1	-1	0	0	-1
ERP44	-1	-1	-1	0	1	0	0	0	-1	0	-1	-1	0	-1	0	0	1	0	1	0	1	-1	-1	-1	-1	-1	0	0	1	0	0	0	0	0	0	1	0	0	1	-1	0	0	-1
INVS	-1	-1	-1	0	1	0	0	0	-1	0	-1	-1	0	-1	0	0	1	0	1	0	1	-1	-1	-1	-1	-1	0	0	1	0	0	0	0	0	0	1	0	0	1	-1	0	0	-1
TEX10	-1	-1	-1	0	1	0	0	0	-1	0	-1	-1	0	-1	0	0	1	0	1	0	1	-1	-1	-1	-1	-1	0	0	1	0	0	0	0	0	0	1	0	0	1	-1	0	0	-1
C9orf30-TMEFF1	-1	-1	-1	0	1	0	0	0	-1	0	-1	-1	0	-1	0	0	1	0	1	0	1	-1	-1	-1	-1	-1	0	0	1	0	0	0	0	0	0	1	0	0	1	-1	0	0	-1
C9orf30	-1	-1	-1	0	1	0	0	0	-1	0	-1	-1	0	-1	0	0	1	0	1	0	1	-1	-1	-1	-1	-1	0	0	1	0	0	0	0	0	0	1	0	0	1	-1	0	0	-1
TMEFF1	-1	-1	-1	0	1	0	0	0	-1	0	-1	-1	0	-1	0	0	1	0	1	0	1	-1	-1	-1	-1	-1	0	0	1	0	0	0	0	0	0	1	0	0	1	-1	0	0	-1
MURC	-1	-1	-1	0	1	0	0	0	-1	0	-1	-1	0	-1	0	0	1	0	1	0	1	-1	-1	-1	-1	-1	0	0	1	0	0	0	0	0	0	1	0	0	1	-1	0	0	-1
LPPR1	-1	-1	-1	0	1	0	0	0	-1	0	-1	-1	0	-1	0	0	1	0	2	0	1	-1	-1	-1	-1	-1	0	0	1	0	0	0	0	0	0	1	0	0	1	-1	0	0	-1
BAAT	-1	-1	-1	0	1	0	0	0	-1	0	-1	-1	0	-1	0	0	1	0	2	0	1	-1	-1	-1	-1	-1	0	0	1	0	0	0	0	0	0	1	0	0	1	-1	0	0	-1
ALDOB	-1	-1	-1	0	1	0	0	0	-1	0	-1	-1	0	-1	0	0	1	0	2	0	1	-1	-1	-1	-1	-1	0	0	1	0	0	0	0	0	0	1	0	0	1	-1	0	0	-1
MRPL50	-1	-1	-1	0	1	0	0	0	-1	0	-1	-1	0	-1	0	0	1	0	2	0	1	-1	-1	-1	-1	-1	0	0	1	0	0	0	0	0	0	1	0	0	1	-1	0	0	-1
ZNF189	-1	-1	-1	0	1	0	0	0	-1	0	-1	-1	0	-1	0	0	1	0	2	0	1	-1	-1	-1	-1	-1	0	0	1	0	0	0	0	0	0	1	0	0	1	-1	0	0	-1
C9orf125	-1	-1	-1	0	1	0	0	0	-1	0	-1	-1	0	-1	0	0	1	0	2	0	1	-1	-1	-1	-1	-1	0	0	1	0	0	0	0	0	0	1	0	0	1	-1	0	0	-1
RNF20	-1	-1	-1	0	1	0	0	0	-1	0	-1	-1	0	-1	0	0	1	0	2	0	1	-1	-1	-1	-1	-1	0	0	1	0	0	0	0	0	0	1	0	0	1	-1	0	0	-1
GRIN3A	-1	-1	-1	0	1	0	0	0	-1	0	-1	-1	0	-1	0	0	1	0	2	0	1	-1	-1	-1	-1	-1	0	0	1	0	0	0	0	0	0	1	0	0	1	-1	0	0	-1
PPP3R2	-1	-1	-1	0	1	0	0	0	-1	0	-1	-1	0	-1	0	0	1	0	2	0	1	-1	-1	-1	-1	-1	0	0	1	0	0	0	0	0	0	1	0	0	1	-1	0	0	-1
CYLC2	-1	-1	-1	0	1	0	0	0	-1	0	-1	-1	0	-1	0	0	1	0	2	0	1	-1	-1	-1	-1	-1	0	0	1	0	0	0	0	0	0	1	0	0	0	-1	0	0	-1
SMC2	-1	-1	-1	0	1	0	0	0	-1	0	-1	-1	0	-1	1	0	1	0	2	0	1	-1	-1	-1	-1	-1	0	0	1	0	0	0	0	0	1	1	0	0	0	-1	0	0	-1
OR13F1	-1	-1	-1	0	1	0	0	0	-1	0	-1	-1	0	-1	1	0	1	0	2	0	1	-1	-1	-1	-1	-1	0	0	1	0	0	0	0	0	1	1	0	0	0	-1	0	0	-1
OR13C4	-1	-1	-1	0	1	0	0	0	-1	0	-1	-1	0	-1	1	0	1	0	2	0	1	-1	-1	-1	-1	-1	0	0	1	0	0	0	0	0	1	1	0	0	0	-1	0	0	-1
OR13C3	-1	-1	-1	0	1	0	0	0	-1	0	-1	-1	0	-1	1	0	1	0	2	0	1	-1	-1	-1	-1	-1	0	0	1	0	0	0	0	0	1	1	0	0	0	-1	0	0	-1
OR13C8	-1	-1	-1	0	1	0	0	0	-1	0	-1	-1	0	-1	1	0	1	0	2	0	1	-1	-1	-1	-1	-1	0	0	1	0	0	0	0	0	1	1	0	0	0	-1	0	0	-1
OR13C5	-1	-1	-1	0	1	0	0	0	-1	0	-1	-1	0	-1	1	0	1	0	2	0	1	-1	-1	-1	-1	-1	0	0	1	0	0	0	0	0	1	1	0	0	0	-1	0	0	-1
OR13C2	-1	-1	-1	0	1	0	0	0	-1	0	-1	-1	0	-1	1	0	1	0	2	0	1	-1	-1	-1	-1	-1	0	0	1	0	0	0	0	0	1	1	0	0	0	-1	0	0	-1
OR13C9	-1	-1	-1	0	1	0	0	0	-1	0	-1	-1	0	-1	1	0	1	0	2	0	1	-1	-1	-1	-1	-1	0	0	1	0	0	0	0	0	1	1	0	0	0	-1	0	0	-1
OR13D1	-1	-1	-1	0	1	0	0	0	-1	0	-1	-1	0	-1	1	0	1	0	2	0	1	-1	-1	-1	-1	-1	0	0	1	0	0	0	0	0	1	1	0	0	0	-1	0	0	-1
NIPSNAP3A	-1	-1	-1	0	1	0	0	0	-1	0	-1	-1	0	-1	1	0	1	0	2	0	1	-1	-1	-1	-1	-1	0	0	1	0	0	0	0	0	1	1	0	0	0	-1	0	0	-1
C9orf80	-1	-1	-1	0	1	0	0	0	0	0	-1	-1	0	-1	1	0	1	0	1	0	1	-1	0	-1	-1	-1	0	0	0	0	0	0	0	0	1	1	0	0	0	-1	0	0	-1
C9orf91	-1	-1	-1	0	1	0	0	0	0	0	-1	-1	0	-1	1	0	1	0	2	0	1	-1	0	-1	-1	-1	0	0	0	0	0	0	0	0	1	1	0	0	0	-1	0	0	-1
TNFSF8	-1	-1	-1	0	1	0	0	0	0	0	-1	-1	0	-1	1	0	1	0	2	0	1	-1	0	-1	-1	-1	0	0	0	0	0	0	0	0	1	1	0	0	0	-1	0	0	-1
TNC	-1	-1	-1	0	1	0	0	0	0	0	-1	-1	0	-1	1	0	1	0	2	0	1	-1	0	-1	-1	-1	0	0	0	0	0	0	0	0	1	1	0	0	0	-1	0	0	-1
DEC1	-1	-1	-1	0	1	0	1	0	0	0	-1	-1	0	-1	1	0	1	0	2	0	1	-1	0	-1	-1	-1	0	0	0	0	0	0	0	0	1	1	0	0	1	-1	0	0	-1
LINC00474	-1	-1	-1	0	1	0	0	0	0	0	-1	-1	1	-1	1	0	1	0	2	0	1	-1	0	-1	-1	-1	0	0	0	0	0	0	0	0	1	1	0	0	1	-1	0	0	-1
PAPPA	-1	-1	-1	0	1	0	0	0	0	0	-1	-1	1	-1	1	0	1	0	2	0	1	-1	0	-1	-1	-1	0	0	0	0	0	0	0	0	1	1	0	0	1	-1	0	0	-1
ASTN2	-1	-1	-1	0	1	0	0	0	0	0	-1	-1	0	-1	1	0	1	0	2	0	1	-1	0	-1	-1	-1	0	0	0	0	0	0	0	0	1	1	0	0	1	-1	0	0	-1
LOC100128505	-1	-1	-1	0	1	0	0	0	0	0	-1	-1	0	-1	1	0	1	0	2	0	1	-1	0	-1	-1	-1	0	0	0	0	0	0	0	0	1	1	0	0	1	-1	0	0	-1
TRIM32	-1	-1	-1	0	1	0	0	0	0	0	-1	-1	0	-1	1	0	1	0	2	0	1	-1	0	-1	-1	-1	0	0	0	0	0	0	0	0	1	0	0	0	0	-1	0	0	-1
SNORA70C	-1	-1	-1	0	1	0	0	0	0	0	-1	-1	0	-1	1	0	1	0	2	0	1	-1	0	-1	-1	-1	0	0	0	0	0	0	0	0	1	0	0	0	0	-1	0	0	-1
TLR4	-1	-1	-1	0	1	0	0	0	0	0	-1	-1	0	-1	1	0	1	0	2	0	1	-1	0	-1	-1	-1	0	0	0	0	0	0	0	0	1	0	0	0	0	-1	0	0	-1
DBC1	-1	-1	0	0	1	0	0	0	0	0	-1	-1	0	-1	1	0	1	0	2	0	1	-1	0	-1	-1	-1	0	0	0	0	0	0	0	0	1	0	0	0	1	-1	0	0	-1
MIR147A	-1	-1	0	0	1	0	0	0	0	0	-1	-1	0	-1	1	0	1	0	1	0	1	-1	0	-1	-1	-1	0	0	0	0	0	0	0	0	1	0	0	0	0	0	0	0	-1
hsa-mir-147	-1	-1	0	0	1	0	0	0	0	0	-1	-1	0	-1	1	0	1	0	1	0	1	-1	0	-1	-1	-1	0	0	0	0	0	0	0	0	1	0	0	0	0	0	0	0	-1
CDK5RAP2	-1	-1	0	0	1	0	0	0	0	0	-1	-1	0	-1	1	0	1	0	1	0	1	-1	0	-1	-1	-1	0	0	0	0	0	0	0	0	1	0	0	0	0	0	0	0	-1
MEGF9	-1	-1	0	0	1	0	0	0	0	0	-1	-1	0	-1	1	0	1	0	1	0	1	-1	0	-1	-1	-1	0	0	0	0	0	0	0	0	1	0	0	0	0	0	0	0	-1
FBXW2	-1	-1	0	0	1	0	0	0	0	0	-1	-1	0	-1	1	0	1	0	2	0	1	-1	0	-1	-1	-1	0	0	0	0	0	0	0	0	1	0	0	0	0	0	0	0	-1
LOC100288842	-1	-1	0	0	1	0	0	0	0	0	-1	-1	0	-1	1	0	1	0	2	0	1	-1	0	-1	-1	-1	0	0	0	0	0	0	0	0	1	0	0	0	0	0	0	0	-1
PSMD5	-1	-1	0	0	1	0	0	0	0	0	-1	-1	0	-1	1	0	1	0	2	0	1	-1	0	-1	-1	-1	0	0	0	0	0	0	0	0	1	0	0	0	0	0	0	0	-1
LOC253039	-1	-1	0	0	1	0	0	0	0	0	-1	-1	0	-1	1	0	1	0	2	0	1	-1	0	-1	-1	-1	0	0	0	0	0	0	0	0	1	0	0	0	0	0	0	0	-1
PHF19	-1	-1	0	0	1	0	0	0	0	0	-1	-1	0	-1	1	0	1	0	2	0	1	-1	0	-1	-1	-1	0	0	0	0	0	0	0	0	1	0	0	0	0	0	0	0	-1
TRAF1	-1	-1	0	0	1	0	0	0	0	0	-1	0	0	-1	1	0	1	0	2	0	1	-1	0	-1	-1	-1	0	0	0	0	0	0	0	0	1	0	0	0	0	0	0	0	-1
C5	-1	-1	0	0	1	0	0	0	0	0	-1	0	0	-1	1	0	1	0	2	0	1	-1	0	-1	-1	-1	0	0	0	0	0	0	0	0	1	0	0	0	0	0	0	0	-1
CNTRL	-1	-1	0	0	1	0	0	0	0	0	-1	0	0	-1	1	0	1	0	2	0	1	-1	0	-1	-1	-1	0	0	0	0	0	0	0	0	1	0	0	0	0	0	0	0	-1
RAB14	-1	-1	0	0	1	0	0	0	0	0	-1	0	0	-1	1	0	1	0	2	0	1	-1	0	-1	-1	-1	0	0	0	0	0	0	0	0	1	0	0	0	0	0	0	0	-1
GSN	-1	-1	0	0	1	0	0	0	0	0	-1	0	0	-1	1	0	1	0	1	0	1	-1	0	-1	-1	-1	0	0	0	0	0	0	0	0	1	0	0	0	0	0	0	0	-1
STOM	-1	-1	0	0	1	0	0	0	0	0	-1	0	0	-1	1	0	1	0	1	0	1	-1	0	-1	-1	-1	0	0	0	0	0	0	0	0	1	0	0	0	0	0	0	0	-1
GGTA1P	-1	-1	0	0	1	0	0	0	0	0	-1	0	0	-1	1	0	1	0	1	0	1	-1	0	-1	-1	-1	0	0	0	0	0	0	0	0	1	0	0	0	0	0	0	0	-1
DAB2IP	-1	-1	0	0	1	0	0	0	0	0	-1	0	0	-1	1	0	1	0	1	0	1	-1	0	-1	-1	-1	0	0	0	0	0	0	0	0	1	0	0	0	0	0	0	0	-1
TTLL11	-1	-1	0	0	1	0	0	0	0	0	-1	0	0	-1	1	0	1	0	1	0	1	-1	0	-1	-1	-1	0	0	0	0	0	0	0	0	1	0	0	0	0	0	0	0	-1
MIR4478	-1	-1	0	0	1	0	0	0	0	0	-1	0	0	-1	1	0	1	0	1	0	1	-1	0	-1	-1	-1	0	0	0	0	0	0	0	0	0	0	0	0	0	0	0	0	-1
NDUFA8	-1	-1	0	0	1	0	0	0	0	0	-1	0	0	-1	1	0	1	0	1	0	1	-1	0	-1	-1	-1	0	0	0	0	0	0	0	0	0	0	0	0	0	0	0	0	-1
MORN5	-1	-1	0	0	1	0	0	0	0	0	-1	0	0	-1	1	0	1	0	1	0	1	-1	0	-1	-1	-1	0	0	0	0	0	0	0	0	0	0	0	0	0	0	0	0	-1
LHX6	-1	-1	0	0	1	0	0	0	0	0	-1	0	0	-1	1	0	1	0	1	0	1	-1	0	-1	-1	-1	0	0	0	0	0	0	0	0	0	0	0	0	0	0	0	0	-1
MRRF	-1	-1	0	0	1	0	0	0	0	0	-1	0	0	-1	1	0	1	0	1	0	1	-1	0	-1	-1	-1	0	0	0	0	0	0	0	0	0	0	0	0	0	0	0	0	-1
OR52A5	0	1	-1	0	0	0	0	0	-1	1	-1	0	0	-1	-1	0	0	-1	-1	0	0	-1	-1	-1	0	0	0	0	0	-1	-1	0	1	0	0	-1	-1	0	-1	-1	0	0	0
OR52A1	0	1	-1	0	0	0	0	0	-1	1	-1	0	0	-1	-1	0	0	-1	-1	0	0	-1	-1	-1	0	0	0	0	0	-1	-1	0	1	0	0	-1	-1	0	-1	-1	0	0	0
OR51V1	0	1	-1	0	0	0	0	0	-1	1	-1	0	0	-1	-1	0	0	-1	-1	0	0	-1	-1	-1	0	0	0	0	0	-1	-1	0	1	0	0	-1	-1	0	-1	-1	0	0	0
HBB	0	1	-1	0	0	0	0	0	-1	1	-1	0	0	-1	-1	0	0	-1	-1	0	0	-1	-1	-1	0	0	0	0	0	-1	-1	0	1	0	0	-1	-1	0	-1	-1	0	0	0
HBBP1	0	1	-1	0	0	0	0	0	-1	1	-1	0	0	-1	-1	0	0	-1	-1	0	0	-1	-1	-1	0	0	0	0	0	-1	-1	0	1	0	0	-1	-1	0	-1	-1	0	0	0
SCARNA10	1	1	-1	0	1	-1	0	0	0	0	0	0	0	-1	1	1	1	0	-1	0	0	-2	1	0	1	0	0	0	1	0	0	0	1	0	-1	-1	0	-1	0	1	0	0	-1
GAPDH	1	1	-1	0	1	-1	0	0	0	0	0	0	0	-1	1	1	1	0	-1	0	0	-2	1	0	1	0	0	0	1	0	0	0	1	0	-1	-1	0	-1	0	1	0	0	-1
IFFO1	1	1	-1	0	1	-1	0	0	0	0	0	0	0	-1	1	1	1	0	-1	0	0	-2	1	0	1	0	0	0	1	0	0	0	1	0	-1	-1	0	-1	0	1	0	0	-1
NOP2	1	1	-1	0	1	-1	0	0	0	0	0	0	0	-1	1	1	1	0	-1	0	0	-2	1	0	1	0	0	0	1	0	0	0	1	0	-1	-1	0	-1	0	1	0	0	-1
CHD4	1	1	-1	0	1	-1	0	0	0	0	0	0	0	-1	1	1	1	0	-1	0	0	-2	1	0	1	0	0	0	1	0	0	0	1	0	-1	-1	0	-1	0	1	0	0	-1
LPAR5	1	1	-1	0	1	-1	0	0	0	0	0	0	0	-1	1	1	1	0	-1	0	0	-2	1	0	1	0	0	0	1	0	0	0	1	0	-1	-1	0	-1	0	1	0	0	-1
SCARNA11	1	1	-1	0	1	-1	0	0	0	0	0	0	0	-1	1	1	1	0	-1	0	0	-2	1	0	1	0	0	0	1	0	0	0	1	0	-1	-1	0	-1	0	1	0	0	-1
ACRBP	1	1	-1	0	1	-1	0	0	0	0	0	0	0	-1	1	1	1	0	-1	0	0	-2	1	0	1	0	0	0	1	0	0	0	1	0	-1	-1	0	-1	0	1	0	0	-1
C12orf53	1	1	-1	0	1	-1	0	0	0	0	0	0	0	-1	1	1	1	0	-1	0	0	-2	1	0	1	0	0	0	1	0	0	0	1	0	-1	-1	0	-1	0	1	0	0	-1
COPS7A	1	1	-1	0	1	-1	0	0	0	0	0	0	0	-1	1	1	1	0	-1	0	0	-2	1	0	1	0	0	0	1	0	0	0	1	0	-1	-1	0	-1	0	1	0	0	-1
ING4	1	1	-1	0	1	-1	0	0	0	0	0	0	0	-1	1	1	1	0	-1	0	0	-2	1	0	1	0	0	0	1	0	0	0	1	0	-1	-1	0	-1	0	1	0	0	-1
ZNF384	1	1	-1	0	1	-1	0	0	0	0	0	0	0	-1	1	1	1	0	-1	0	0	-2	1	0	1	0	0	0	1	0	0	0	1	0	-1	-1	0	-1	0	1	0	0	-1
MLF2	1	1	-1	0	1	-1	0	0	0	0	0	0	0	-1	1	1	1	0	-1	0	0	-2	1	0	1	0	0	0	1	0	0	0	1	0	-1	-1	0	-1	0	1	0	0	-1
MLH3	0	0	-1	0	0	0	1	0	-1	1	0	1	0	0	1	-1	1	0	0	0	0	-1	-1	-1	1	0	0	0	0	0	0	0	1	0	-1	0	-1	0	-1	0	0	0	0
ZC2HC1C	0	0	-1	0	0	0	1	0	-1	1	0	1	0	0	1	-1	1	0	0	0	0	-1	-1	-1	1	0	0	0	0	0	0	0	1	0	-1	0	-1	0	-1	0	0	0	0
NEK9	0	0	-1	0	0	0	1	0	-1	1	0	1	0	0	1	-1	1	0	0	0	0	-1	-1	-1	1	0	0	0	0	0	0	0	1	0	-1	0	-1	0	-1	0	0	0	0
TMED10	0	0	-1	0	0	0	1	0	-1	1	0	1	0	0	1	-1	1	0	0	0	0	-1	-1	-1	1	0	0	0	0	0	0	0	1	0	-1	0	-1	0	-1	0	0	0	0
ZPBP2	0	1	-1	0	-1	2	2	0	-1	1	-1	-1	0	1	0	1	1	1	-1	0	0	1	-1	0	1	0	0	0	0	0	-1	0	0	0	1	-1	-1	0	2	0	0	0	0
USP18	-1	-1	-1	-1	0	0	0	0	-1	0	1	1	0	0	0	1	0	-1	-1	0	0	-1	2	0	1	0	0	0	-1	-1	-1	0	-1	0	-1	0	-1	0	1	0	0	0	1
