SW837	SW1463	RCM-1	CaR-1	SNU-283	SNU-61
NOTCH2	0	0	0	0.667	-0.5	-0.667
FAM72B	0	0	0	0.667	-0.5	0
HIST2H2BA	0	0	0	0.667	-0.5	0
FCGR1B	0	0	0	0.667	-0.5	0
EMBP1	0	0	0	0.667	-0.5	0
hsa-mir-3118-1	0	0	0	0.667	0	0
hsa-mir-3118-2	0	0	0	0.667	0	0
hsa-mir-3118-3	0	0	0	0.667	0	0
FAM72D	0	0	0	0.667	0	0
PPIAL4G	0	0	0	0.667	0	0
PPIAL4A	0	0	0	0.667	0.5	0.667
PPIAL4B	0	0	0	0.667	0.5	0.667
LOC653513	0	0	0	0.667	0	0
NBPF9	0	0	0	0.667	0	0
PFN1P2	0	0	0	0.667	0	0
PDE4DIP	0	0	0	0.667	0.5	0
SEC22B	0	0	0	0.667	0.5	0
NOTCH2NL	0	0	0	0.667	0.5	0
NBPF10	0	0	0	0.667	0.5	0
HFE2	0	0	0	0.667	0.5	0
TXNIP	0	0	0	0.667	0.5	0
POLR3GL	0	0	0	0.667	0.5	0
ANKRD34A	0	0	0	0.667	0.5	0
LIX1L	0	0	0	0.667	0.5	0
GNRHR2	0	0	0	0.667	0.5	0
ITGA10	0	0	0	0.667	0.5	0
PEX11B	0	0	0	0.667	0.5	0
RBM8A	0	0	0	0.667	0.5	0
ANKRD35	0	0	0	0.667	0.5	0
NUDT17	0	0	0	0.667	0.5	0
PIAS3	0	0	0	0.667	0.5	0
POLR3C	0	0	0	0.667	0.5	0
RNF115	0	0	0	0.667	0.5	0
CD160	0	0	0	0.667	0.5	0
PDZK1	0	0	0	0.667	0.5	0
GPR89A	0	0	0	0.667	0.5	0
GPR89C	0	0	0	0.667	0.5	0.667
PDZK1P1	0	0	0	0.667	0.5	0.667
NBPF11	0	0	0	0.667	0.5	0.667
LOC728989	0	0	0	0.667	0.5	0.667
PRKAB2	0	0	0	0.667	0.5	0.667
FMO5	0	0	0	0.667	0.5	0.667
CHD1L	0	0	0	0.667	0.5	0.667
BCL9	0	0	0	0.667	0.5	0.667
ACP6	0	0	0	0.667	0.5	0.667
GJA5	0	0	0	0.667	0.5	0.667
GJA8	0	0	0	0.667	0.5	0.667
GPR89B	0	0	0	0.667	0.5	0.667
NBPF14	0	0	0	0.667	0.5	0.667
PPIAL4D	0	0	0	0.667	0.5	0.667
NBPF15	0	0	0	0.667	0.5	0.667
NBPF16	0	0	0	0.667	0.5	0.667
PPIAL4E	0	0	0	0.667	0.5	0.667
LOC388692	0	0	0	0.667	0.5	0.667
FCGR1C	0	0	0	0.667	0.5	0.667
HIST2H2BF	0	0	0	0.667	0.5	0.667
FCGR1A	0	0	0	0.667	0.5	0.667
HIST2H3D	0	0	0	0.667	0.5	0.667
HIST2H2AA3	0	0	0	0.667	0.5	0.667
HIST2H3A	0	0	0	0.667	0.5	0.667
HIST2H4A	0	0	0	0.667	0.5	0.667
HIST2H2BC	0	0	0	0.667	0.5	0.667
HIST2H2AB	0	0	0	0.667	0.5	0.667
HIST2H2AC	0	0	0	0.667	0.5	0.667
HIST2H2BE	0	0	0	0.667	0.5	0.667
BOLA1	0	0	0	0.667	0.5	0.667
SV2A	0	0	0	0.667	0.5	0.667
SF3B4	0	0	0	0.667	0.5	0.667
MTMR11	0	0	0	0.667	0.5	0.667
OTUD7B	0	0	0	0.667	0.5	0.667
VPS45	0	0	0	0.667	0.5	0.667
PLEKHO1	0	0	0	0.667	0.5	0.667
ANP32E	0	0	0	0.667	0.5	0.667
CA14	0	0	0	0.667	0.5	0.667
APH1A	0	0	0	0.667	0.5	0.667
C1orf54	0	0	0	0.667	0.5	0.667
MRPS21	0	0	0	0.667	0.5	0.667
PRPF3	0	0	0	0.667	0.5	0.667
RPRD2	0	0	0	0.667	0.5	0.667
TARS2	0	0	0	0.667	0.5	0.667
ECM1	0	0	0	0.667	0.5	0.667
ADAMTSL4	0	0	0	0.667	0.5	0.667
MIR4257	0	0	0	0.667	0.5	0.667
MCL1	0	0	0	0.667	0.5	0.667
ENSA	0	0	0	0.667	0.5	0.667
GOLPH3L	0	0	0	0.667	0.5	0.667
HORMAD1	0	0	0	0.667	0.5	0.667
CTSS	0	0	0	0.667	0.5	0.667
CTSK	0	0	0	0.667	0.5	0.667
ARNT	0	0	0	0.667	0.5	0.667
SETDB1	0	0	0	0.667	0.5	0.667
CERS2	0	0	0	0.667	0.5	0.667
ANXA9	0	0	0	0.667	0.5	0.667
FAM63A	0	0	0	0.667	0.5	0.667
PRUNE	0	0	0	0.667	0.5	0.667
BNIPL	0	0	0	0.667	0.5	0.667
C1orf56	0	0	0	0.667	0.5	0.667
CDC42SE1	0	0	0	0.667	0.5	0.667
MLLT11	0	0	0	0.667	0.5	0.667
GABPB2	0	0	0	0.667	0.5	0.667
SEMA6C	0	0	0	0.667	0.5	0.667
LYSMD1	0	0	0	0.667	0.5	0.667
SCNM1	0	0	0	0.667	0.5	0.667
TMOD4	0	0	0	0.667	0.5	0.667
TNFAIP8L2-SCNM1	0	0	0	0.667	0.5	0.667
TNFAIP8L2	0	0	0	0.667	0.5	0.667
VPS72	0	0	0	0.667	0.5	0.667
PIP5K1A	0	0	0	0.667	0.5	0.667
PSMD4	0	0	0	0.667	0.5	0.667
ZNF687	0	0	0	0.667	0.5	0.667
PI4KB	0	0	0	0.667	0.5	0.667
RFX5	0	0	0	0.667	0.5	0.667
SELENBP1	0	0	0	0.667	0.5	0.667
POGZ	0	0	0	0.667	0.5	0.667
PSMB4	0	0	0	0.667	0.5	0.667
CGN	0	0	0	0.667	0.5	0.667
TUFT1	0	0	0	0.667	0.5	0.667
MIR554	0	0	0	0.667	0.5	0.667
SNX27	0	0	0	0.667	0.5	0.667
CELF3	0	0	0	0.667	0.5	0.667
RIIAD1	0	0	0	0.667	0.5	0.667
MRPL9	0	0	0	0.667	0.5	0.667
OAZ3	0	0	0	0.667	0.5	0.667
TDRKH	0	0	0	0.667	0.5	0.667
LINGO4	0	0	0	0.667	0.5	0.667
RORC	0	0	0	0.667	0.5	0.667
C2CD4D	0	0	0	0.667	0.5	0.667
LOC100132111	0	0	0	0.667	0.5	0.667
THEM5	0	0	0	0.667	0.5	0.667
THEM4	0	0	0	0.667	0.5	0.667
S100A10	0	0	0	0.667	0.5	0.667
S100A11	0	0	0	0.667	0.5	0.667
TCHHL1	0	0	0	0.667	0.5	0.667
TCHH	0	0	0	0.667	0.5	0.667
RPTN	0	0	0	0.667	0.5	0.667
FLG	0	0	0	0.667	0.5	0.667
CD48	0	0	0	0.667	0	0.667
LY9	0	0	0	0.667	0	0.667
CD244	0	0	0	0.667	0	0.667
ITLN1	0	0	0	0.667	0	0.667
ITLN2	0	0	0	0.667	0	0.667
ARHGAP30	0	0	0	0.667	0	0.667
F11R	0	0	0	0.667	0	0.667
TSTD1	0	0	0	0.667	0	0.667
USF1	0	0	0	0.667	0	0.667
PVRL4	0	0	0	0.667	0	0.667
DEDD	0	0	0	0.667	0	0.667
KLHDC9	0	0	0	0.667	0	0.667
NIT1	0	0	0	0.667	0	0.667
PFDN2	0	0	0	0.667	0	0.667
B4GALT3	0	0	0	0.667	0	0.667
PPOX	0	0	0	0.667	0	0.667
UFC1	0	0	0	0.667	0	0.667
USP21	0	0	0	0.667	0	0.667
ADAMTS4	0	0	0	0.667	0	0.667
NDUFS2	0	0	0	0.667	0	0.667
FCER1G	0	0	0	0.667	0	0.667
APOA2	0	0	0	0.667	0	0.667
NR1I3	0	0	0	0.667	0	0.667
TOMM40L	0	0	0	0.667	0	0.667
PCP4L1	0	0	0	0.667	0	0.667
MPZ	0	0	0	0.667	0	0.667
SDHC	0	0	0	0.667	0	0.667
C1orf192	0	0	0	0.667	0	0.667
ATF6	0	0	0	0.667	0	0.667
NOS1AP	0	0	0	0.667	0	0.667
ATP2B4	0	0	0	0	0.5	0.667
LAX1	0	0	0	0	0.5	0.667
ZBED6	0	0	0	0	0.5	0.667
ZC3H11A	0	0	0	0	0.5	0.667
SNRPE	0	0	0	0	0.5	0.667
LINC00303	0	0	0	0	0.5	0.667
SOX13	0	0	0	0	0.5	0.667
ETNK2	0	0	0	0	0.5	0.667
REN	0	0	0	0	0.5	0.667
KISS1	0	0	0	0	0.5	0.667
GOLT1A	0	0	0	0	0.5	0.667
PLEKHA6	0	0	0	0	0.5	0.667
PPP1R15B	0	0	0	0	0.5	0.667
PIK3C2B	0	0	0	0	0.5	0.667
MDM4	0	0	0	0	0.5	0.667
LRRN2	0	0	0	0	0.5	0.667
NFASC	0	0	0	0	0.5	0.667
RSRC1	0	0.667	1.321	0	0	0.667
MFSD1	0	0.667	1.321	0	0	0.667
IQCJ-SCHIP1	0	0.667	1.321	0	0	0.667
IQCJ	0	0.667	1.321	0	0	0.667
SCHIP1	0	0.667	1.321	0	0	0.667
MIR3919	0	0.667	1.321	0	0	0.667
IL12A	0	0.667	1.321	0	0	0.667
C3orf80	0	0.667	1.321	0	0	0.667
IFT80	0	0.667	1.321	0	0	0.667
SMC4	0	0.667	1.321	0	0	0.667
MIR15B	0	0.667	1.321	0	0	0.667
MIR16-2	0	0.667	1.321	0	0	0.667
TRIM59	0	0.667	1.321	0	0	0.667
KPNA4	0	0.667	1.321	0	0	0.667
SCARNA7	0	0.667	1.321	0	0	0.667
ARL14	0	0.667	1.321	0	0	0.667
PPM1L	0	0.667	1.321	0	0	0.667
B3GALNT1	0	0.667	1.321	0	0	0.667
NMD3	0	0.667	1.321	0	0	0.667
SPTSSB	0	0.667	1.321	0	0	0.667
OTOL1	0	0.667	1.321	0	0	0.667
hsa-mir-1263	0	0.667	0.667	0	0	0.667
hsa-mir-720	0	0.667	0.667	0	0	0.667
SI	0	0.667	0.667	0	0	0.667
SLITRK3	0	0.667	0.667	0	0	0.667
BCHE	0	0.667	0.667	0	0	0.667
ZBBX	0	0.667	0.667	0	0	0.667
SERPINI2	0	0.667	0.667	0	0	0.667
WDR49	0	0.667	0.667	0	0	0.667
PDCD10	0	0.667	0.667	0	0	0.667
SERPINI1	0	0.667	0.667	0	0	0.667
GOLIM4	0	0.667	0.667	0	0	0.667
EGFEM1P	0	0.667	0.667	0	0	0.667
MIR551B	0	0.667	0.667	0	0	0.667
MECOM	0	0.667	0.667	0	0	0.667
MYNN	0	0.667	0.667	0	0	0.667
TERC	0	0.667	0.667	0	0	0.667
LRRC34	0	0.667	0.667	0	0	0.667
LRRC31	0	0.667	0.667	0	0	0.667
LRRIQ4	0	0.667	0.667	0	0	0.667
SAMD7	0	0.667	0.667	0	0	0.667
LOC100128164	0	0.667	0.667	0	0	0.667
SEC62	0	0.667	0.667	0	0	0.667
GPR160	0	0.667	0.667	0	0	0.667
PHC3	0	0.667	0.667	0	0	0.667
PRKCI	0	0.667	0.667	0	0	0.667
SKIL	0	0.667	0.667	0	0	0.667
CLDN11	0	0.667	0.667	0	0	0.667
SLC7A14	0	0.667	0.667	0	0	0.667
EIF5A2	0	0.667	0.667	0	0	0.667
RPL22L1	0	0.667	0.667	0	0	0.667
SLC2A2	0	0.667	0.667	0	0	0.667
TNIK	0	0.667	0.667	0	0	0.667
MIR569	0	0.667	0.667	0	0	0.667
PLD1	0	0.667	0.667	0	0	0.667
TMEM212	0	0.667	0.667	0	0	0.667
FNDC3B	0	0.667	0.667	0	0	0.667
GHSR	0	0.667	0.667	0	0	0.667
TNFSF10	0	0.667	0.667	0	0	0.667
NCEH1	0	0.667	0.667	0	0	0.667
ECT2	0	0.667	0.667	0	0	0.667
SPATA16	0	0.667	0.667	0	0	0.667
NLGN1	0	0.667	0.667	0	0	0.667
NAALADL2	-1	0.667	0.667	0	0	0.667
MIR4789	0	0.667	0.667	0	0	0.667
TBL1XR1	0	0.667	0.667	0	0	0.667
KCNMB2	0	0.667	1.333	0	0	0.667
ZMAT3	0	0.667	1.333	0	0	0.667
PIK3CA	0	0.667	1.333	0	0	0.667
KCNMB3	0	0.667	1.333	0	0	0.667
ZNF639	0	0.667	1.333	0	0	0.667
MFN1	0	0.667	1.333	0	0	0.667
GNB4	0	0.667	1.333	0	0	0.667
ACTL6A	0	0.667	1.333	0	0	0.667
MRPL47	0	0.667	1.333	0	0	0.667
NDUFB5	0	0.667	1.333	0	0	0.667
USP13	0	0.667	1.333	0	0	0.667
PEX5L	0	0.667	1.333	0	0	0.667
CCDC39	0	0.667	1.333	0	0	0.667
TTC14	0	0.667	1.333	0	0	0.667
FXR1	0	0.667	1.333	0	0	0.667
DNAJC19	0	0.667	1.333	0	0	0.667
SOX2-OT	0	0.667	1.333	0	0	0.667
SOX2	0	0.667	1.333	0	0	0.667
FLJ46066	0	0.667	1.333	0	0	0.667
ATP11B	0	0.667	1.333	0	0	0.667
DCUN1D1	0	0.667	1.333	0	0	0.667
MCCC1	0	0.667	1.333	0	0	0.667
LAMP3	0	0.667	1.333	0	0	0.667
MCF2L2	0	0.667	1.333	0	0	0.667
B3GNT5	0	0.667	1.333	0	0	0.667
KLHL6	0	0.667	1.333	0	0	0.667
KLHL24	0	0.667	1.333	0	0	0.667
YEATS2	0	0.667	1.333	0	0	0.667
MAP6D1	0	0.667	1.333	0	0	0.667
PARL	0	0.667	1.333	0	0	0.667
ABCC5	0	0.667	1.333	0	0	0.667
HTR3D	0	0.667	1.333	0	0	0.667
HTR3C	0	0.667	1.333	0	0	0.667
HTR3E	0	0.667	1.333	0	0	0.667
EIF2B5	0	0.667	1.333	0	0	0.667
AP2M1	0	0.667	1.333	0	0	0.667
DVL3	0	0.667	1.333	0	0	0.667
ABCF3	0	0.667	1.333	0	0	0.667
ALG3	0	0.667	1.333	0	0	0.667
CAMK2N2	0	0.667	1.333	0	0	0.667
ECE2	0	0.667	1.333	0	0	0.667
MIR1224	0	0.667	1.333	0	0	0.667
VWA5B2	0	0.667	1.333	0	0	0.667
EIF4G1	0	0.667	1.333	0	0	0.667
PSMD2	0	0.667	1.333	0	0	0.667
SNORD66	0	0.667	1.333	0	0	0.667
FAM131A	0	0.667	1.333	0	0	0.667
CHRD	0	0.667	1.333	0	0	0.667
CLCN2	0	0.667	1.333	0	0	0.667
POLR2H	0	0.667	1.333	0	0	0.667
THPO	0	0.667	1.333	0	0	0.667
EPHB3	0	0.667	1.333	0	0	0.667
MAGEF1	0	0.667	1.333	0	0	0.667
VPS8	0	0.667	1.333	0	0	0.667
C3orf70	0	0.667	1.333	0	0	0.667
EHHADH	0	0.667	1.333	0	0	0.667
MAP3K13	0	0.667	1.333	0	0	0.667
LIPH	0	0.667	1.333	0	0	0.667
TMEM41A	0	0.667	1.333	0	0	0.667
SENP2	0	0.667	1.333	0	0	0.667
IGF2BP2	0	0.667	1.333	0	0	0.667
C3orf65	0	0.667	1.333	0	0	0.667
LOC344887	0	0.667	1.333	0	0	0.667
TRA2B	0	0.667	1.333	0	0	0.667
ETV5	0	0.667	1.333	0	0	0.667
DGKG	0	0.667	1.333	0	0	0.667
CRYGS	0	0.667	1.333	0	0	0.667
AHSG	0	0.667	1.333	0	0	0.667
DNAJB11	0	0.667	1.333	0	0	0.667
FETUB	0	0.667	1.333	0	0	0.667
TBCCD1	0	0.667	1.333	0	0	0.667
HRG	0	0.667	1.333	0	0	0.667
KNG1	0	0.667	1.333	0	0	0.667
EIF4A2	0	0.667	1.333	0	0	0.667
SNORD2	0	0.667	1.333	0	0	0.667
MIR1248	0	0.667	1.333	0	0	0.667
SNORA4	0	0.667	1.333	0	0	0.667
SNORA63	0	0.667	1.333	0	0	0.667
SNORA81	0	0.667	1.333	0	0	0.667
RFC4	0	0.667	1.333	0	0	0.667
ADIPOQ	0	0.667	1.333	0	0	0.667
ST6GAL1	0	0.667	1.333	0	0	0.667
RPL39L	0	0.667	1.333	0	0	0.667
MASP1	0	0.667	1.333	0	0	0.667
RTP1	0	0.667	1.333	0	0	0.667
RTP4	0	0.667	1.333	0	0	0.667
LOC100131635	0	0.667	1.333	0	0	0.667
RTP2	0	0.667	1.333	0	0	0.667
SST	0	0.667	1.333	0	0	0.667
BCL6	0	0.667	1.333	0	0	0.667
LPP-AS2	0	0.667	1.333	0	0	1.333
LPP	0	0.667	1.333	0	0	1.333
FLJ42393	0	0.667	1.333	0	0	1.333
hsa-mir-28	0	0.667	1.333	0	0	1.333
TPRG1	0	0.667	1.333	0	0	-0.667
TP63	0	0.667	1.333	-0.007	0	-0.667
MIR944	0	0.667	1.296	-0.007	0	-0.667
LEPREL1	0	0.667	1.296	-0.007	0	-0.667
CLDN1	0	0.667	1.296	-0.007	0	-0.667
CLDN16	0	0.667	1.296	-0.007	0	-0.667
TMEM207	0	0.667	1.296	-0.007	0	-0.667
IL1RAP	0	0.667	1.296	-0.007	0	-0.667
GMNC	0	0.667	1.296	-0.007	0	-0.667
SNAR-I	0	0.667	1.296	-0.007	0	-0.667
OSTN	0	0.667	1.296	-0.007	0	-0.667
CCDC50	0	0.667	1.296	-0.007	0	-0.667
PYDC2	0	0.667	1.296	-0.007	0	-0.667
FGF12	0	0.667	1.296	-0.007	0	-0.667
MB21D2	0	0.667	1.296	-0.007	0	-0.667
HRASLS	0	0.667	1.333	-0.007	0	-0.667
MGC2889	0	0.667	1.333	-0.007	0	-0.667
ATP13A5	0	0.667	1.333	-0.007	0	-0.667
ATP13A4	0	0.667	1.333	-0.007	0	-0.667
OPA1	0	0.667	1.333	-0.007	0	-0.667
HES1	0	0.667	0.647	-0.007	0	-0.667
CPN2	0	0.667	0.647	-0.007	0	-0.667
LRRC15	0	0.667	0.647	-0.007	0	-0.667
GP5	0	0.667	0.647	-0.007	0	-0.667
ATP13A3	0	0.667	0.647	-0.007	0	-0.667
TMEM44	0	0.667	0.647	-0.007	0	-0.667
LSG1	0	0.667	0.647	-0.007	0	-0.667
FAM43A	0	0.667	0.647	-0.007	0	-0.667
XXYLT1	0	0.667	0.647	-0.007	0	-0.667
hsa-mir-3137	0	0.667	0.647	-0.007	0	-0.667
ACAP2	0	0.667	0.647	-0.007	0	-0.667
PPP1R2	0	0.667	0.647	-0.007	0	-0.667
APOD	0	0.667	0.647	-0.007	0	-0.667
SDHAP2	0	0.667	0.647	-0.007	0	-0.667
MIR570	0	0.667	0.647	-0.007	0	-0.667
MUC20	0	0.667	0.647	-0.007	0	-0.667
MUC4	0	0.667	0.647	-0.007	0	-0.667
TNK2	0	0.667	0.647	-0.007	0	-0.667
SDHAP1	0	0.667	0.647	-0.007	0	-0.667
TFRC	0	0.667	0.647	-0.007	0	-0.667
ZDHHC19	0	0.667	0.647	-0.007	0	-0.667
PCYT1A	0	0.667	0.647	-0.007	0	-0.667
TCTEX1D2	0	0.667	1.333	-0.007	0	-0.667
TM4SF19-TCTEX1D2	0	0.667	1.333	-0.007	0	-0.667
TM4SF19	0	0.667	1.333	-0.007	0	-0.667
UBXN7	0	0.667	1.333	-0.007	0	-0.667
C3orf43	0	0.667	1.333	-0.007	0	-0.667
RNF168	0	0.667	1.333	-0.007	0	-0.667
FBXO45	0	0.667	1.333	-0.007	0	-0.667
WDR53	0	0.667	1.333	-0.007	0	-0.667
CEP19	0	0.667	1.333	-0.007	0	-0.667
PIGX	0	0.667	1.333	-0.007	0	-0.667
PAK2	0	0.667	1.333	-0.007	0	-0.667
SENP5	0	0.667	1.333	-0.007	0	-0.667
NCBP2	0	0.667	1.333	-0.007	0	-0.667
PIGZ	0	0.667	1.333	-0.007	0	-0.667
MFI2-AS1	0	0.667	1.333	-0.007	0	-0.667
MFI2	0	0.667	1.333	-0.007	0	-0.667
DLG1	0	0.667	1.333	-0.007	0	-0.667
MIR4797	0	0.667	1.333	-0.007	0	-0.667
BDH1	0	0.667	1.333	-0.007	0	-0.667
LOC220729	0	0.667	1.333	-0.007	0	-0.667
KIAA0226	0	0.667	1.333	-0.007	0	-0.667
MIR922	0	0.667	1.333	-0.007	0	-0.667
FYTTD1	0	0.667	1.333	-0.007	0	-0.667
LRCH3	0	0.667	1.333	-0.007	0	-0.667
IQCG	0	0.667	1.333	-0.007	0	-0.667
RPL35A	0	0.667	1.333	-0.007	0	-0.667
LMLN	0	0.667	1.333	-0.007	0	-0.667
ANKRD18DP	0	0.667	1.333	-0.007	0	-0.667
FAM157A	0	0.667	1.333	-0.007	0	-0.667
PLEKHG4B	0	0.667	0	0.667	0	0
LRRC14B	0	0.667	0	0.667	0	0
CCDC127	0	0.667	0	0.667	0	0
SDHA	0	0.667	0	0.667	0	0
PDCD6	0	0.667	0	0.667	0	0
AHRR	0	0.667	0	0.667	0	0
C5orf55	0	0.667	0	0.667	0	0
EXOC3	0	0.667	0	0.667	0	0
PP7080	0	0.667	0	0.667	0	0
SLC9A3	0	0.667	0	0.667	0	0
MIR4456	0	0.667	0	0.667	0	0
CEP72	0	0.667	0	0.667	0	0
TPPP	0	0.667	0	0.667	0	0
ZDHHC11	0	0.667	0	0.667	0	0
BRD9	0	0.667	0	0.667	0	0
TRIP13	0	0.667	0	0.667	0	0
LOC100506688	0	0.667	0	0.667	0	0
NKD2	0	0.667	0	0.667	0	0
MIR4635	0	0.667	0	0.667	0	0
SLC12A7	0	0.667	0	0.667	0	0
SLC6A19	0	0.667	0	0.667	0	0
SLC6A18	0	0.667	0	0.667	0	0
TERT	0	0.667	0	0.667	0	0
MIR4457	0	0.667	0	0.667	0	0
CLPTM1L	0	0.667	0	0.667	0	0
SLC6A3	0	0.667	0	0.667	0	0
LPCAT1	0	0.667	0	0.667	0	0
SDHAP3	0	0.667	0	0.667	0	0
LOC728613	0	0.667	0	0.667	0	0
MIR4277	0	0.667	0	0.667	0	0
MRPL36	0	0.667	0	0.667	0	0
NDUFS6	0	0.667	0	0.667	0	0
IRX4	0	0.667	0	0.667	0	0
C5orf38	0	0.667	0	0.667	0	0
IRX2	0	0.667	0	0.667	0	0
IRX1	0	0.667	0	0.667	0	0
ADAMTS16	0	0.667	0	0.667	0	0
KIAA0947	0	0.667	0	0.667	-1	0
FLJ33360	0	0.667	0	0.667	0	0
MED10	0	0.667	0	0.667	0	0
UBE2QL1	0	0.667	0	0.667	0	0
NSUN2	0	0.667	0	0.667	0	0
SRD5A1	0	0.667	0	0.667	0	0
PAPD7	0	0.667	0	0.667	0	0
MIR4278	0	0.667	0	0.667	0	0
MIR4454	0	0.667	0	0.667	0	0
LOC442132	0	0.667	0	0.667	0	0
ADCY2	0	0.667	0	0.667	0	0
C5orf49	0	0.667	0	0.667	0	0
FASTKD3	0	0.667	0	0.667	0	0
MTRR	0	0.667	0	0.667	0	0
LOC729506	0	0.667	0	0.667	-1	0
MIR4458	0	0.667	0	0.667	0	0
SEMA5A	0	0.667	0	0.667	0	0
MIR4636	0	0.667	0	0.667	0	0
SNORD123	0	0.667	0	0.667	0	0
LOC285692	0	0.667	0	0.667	0	0
TAS2R1	0	0.667	0	0.667	0	0
FAM173B	0	0.667	0	0.667	0	0
CCT5	0	0.667	0	0.667	0	0
CMBL	0	0.667	0	0.667	0	0
MARCH6	0	0.667	0	0.667	0	0
ROPN1L	0	0.667	0	0.667	0	0
ANKRD33B	0	0.667	0	0.667	0	0
DAP	0	0.667	0	0.667	0	0
CTNND2	0	0.667	0	0.667	0	0
DNAH5	0	0.667	0	0.667	0	0
TRIO	0	0.667	0	0.667	-1	0
FAM105A	0	0.667	0	0.667	0	0
FAM105B	0	0.667	0	0.667	0	0
ANKH	0	0.667	0	0.667	0	0
LOC100130744	0	0.667	0	0.667	0	0
MIR4637	0	0.667	0	0.667	0	0
FBXL7	0	0.667	0	0.667	0	0
hsa-mir-887	0	0.667	0	0.667	0	0
MARCH11	0	0.667	0	0.667	0	0
ZNF622	0	0.667	0	0.667	0	0
FAM134B	0	0.667	0	0.667	0	0
MYO10	0	0.667	0	0.667	0	0
BASP1	0	0.667	0	0.667	0	0
LOC401177	0	0.667	0	0.667	0	0
CDH18	0	0.667	0	0.667	0	0
CDH12	0	0.667	0	0.667	0	0
CDH9	0	0.667	0	0.667	0	0
PDZD2	0	0.667	0	0.667	0	0
SLC45A2	0	0.667	0	0.667	0	0
AMACR	0	0.667	0	0.667	0	0
C1QTNF3-AMACR	0	0.667	0	0.667	0	0
C1QTNF3	0	0.667	0	0.667	0	0
RAI14	0	0.667	0	0.667	0	0
PRLR	0	0.667	0	0.667	0	0
SPEF2	0	0.667	0	0.667	0	0
IL7R	0	0.667	0	0.667	0	0
CAPSL	0	0.667	0	0.667	0	0
UGT3A1	0	0.667	0	0.667	0	0
UGT3A2	0	0.667	0	0.667	0	0
LMBRD2	0	0.667	0	0.667	0	0
MIR580	0	0.667	0	0.667	0	0
SKP2	0	0.667	0	0.667	0	0
RANBP3L	0	0.667	0	0.667	0	0
SLC1A3	0	0.667	0	0.667	0	0
LOC646719	0	0.667	0	0.667	0	0
NIPBL	0	0.667	0	0.667	0	0
C5orf42	0	0.667	0	0.667	0	0
NUP155	0	0.667	0	0.667	0	0
WDR70	0	0.667	0	0.667	0	0
EGFLAM	0	0.667	0	0.667	0	0
EGFLAM-AS4	0	0.667	0	0.667	0	0
LIFR	0	0.667	0	0.667	0	0
MIR3650	0	0.667	0	0.667	0	0
OSMR	0	0.667	0	0.667	0	0
RICTOR	0	0.667	0	0.667	0	0
FYB	0	0.667	0	0.667	0	0
C9	0	0.667	0	0.667	0	0
DAB2	0	0.667	0	0.667	0	0
HCN1	0	0.667	0	0.667	0	0
EMB	0	0.667	0	-0.667	-0.5	0
PARP8	0	0.667	0	-0.667	-0.5	0
FLJ45974	0	0.667	0.667	0.667	1	1.333
HPVC1	0	0.667	0.667	0.667	1	1.333
VSTM2A	0	0.667	0.667	0.667	1	1.333
SEC61G	0	0.667	0.667	0.667	1	1.333
EGFR	0	0.667	0.667	0.667	1	1.333
LANCL2	0	0.667	0	0.667	1	1.333
VOPP1	0	0.667	0	0.667	1	1.333
FKBP9L	0	0.667	0	0.667	1	0
SEPT14	0	0.667	0	0.667	1	0
ZNF713	0	0.667	0	0.667	1	0
MRPS17	0	0.667	0	0.667	1	0
GBAS	0	0.667	0	0.667	1	0
PSPH	0	0.667	0	0.667	1	0
CCT6A	0	0.667	0	0.667	1	0
SNORA15	0	0.667	0	0.667	1	0
SUMF2	0	0.667	0	0.667	1	0
CHCHD2	0	0.667	0	0.667	1	0
PHKG1	0	0.667	0	0.667	1	0
LOC650226	0	0.667	0.667	0.667	1	0
DKFZp434L192	0	0.667	0.667	0.667	1	0
LOC100130849	0	0.667	0.667	0.667	1	0
MIR4283-1	0	0.667	0.667	0.667	1	0
MIR4283-2	0	0.667	0.667	0.667	1	0
ZNF479	0	0.667	0.667	0.667	1	0
CDK6	0	0.667	0.667	0.667	0	0
CSMD1	-1	-0.667	-0.667	0	1	-1.293
BLK	-1	-0.667	-0.667	0	-1	-1.293
GATA4	-1	-0.667	-0.667	0	-1	-1.293
NEIL2	-1	-0.667	-0.667	0	-1	-1.293
FDFT1	-1	-0.667	-0.667	0	-1	-1.293
CTSB	-1	-0.667	-0.667	0	-1	-1.293
DEFB136	-1	-0.667	-0.667	0	-1	-1.293
DEFB135	-1	-0.667	-0.667	0	-1	-1.293
DEFB134	-1	-0.667	-0.667	0	-1	-1.293
DEFB130	-1	-0.667	-0.667	0	-1	-1.293
ZNF705D	-1	-0.667	-0.667	0	-1	-1.293
FAM66D	-1	-0.667	-0.667	0	-1	-1.293
LOC392196	-1	-0.667	-0.667	0	-1	-1.293
USP17L2	-1	-0.667	-0.667	0	-1	-1.293
FAM86B1	-1	-0.667	-0.667	0	-1	-1.293
FAM66A	-1	-0.667	-0.667	0	-1	-1.293
DEFB109P1	-1	-0.667	-0.667	0	-1	-1.293
FAM90A25P	-1	-0.667	-0.667	0	-1	-1.293
FAM86B2	-1	-0.667	-0.667	0	-1	-1.293
LOC100506990	-1	-0.667	-0.667	0	-1	-1.293
NRG1	-1	-0.667	-0.667	-1.293	-1	-1.293
UNC5D	-1	-0.667	-0.667	-1.293	-1	-1.293
KCNU1	-1	-0.667	-0.667	-1.293	0	-1.293
ZNF703	-1	-0.667	-0.667	0.001	0	-1.293
ERLIN2	-1	-0.667	-0.667	0.001	0	-1.293
LOC728024	-1	-0.667	-0.667	0.001	0	-1.293
PROSC	-1	-0.667	-0.667	0.001	0	-1.293
GPR124	-1	-0.667	-0.667	0.001	0	-1.293
BRF2	-1	-0.667	-0.667	0.001	0	-1.293
RAB11FIP1	-1	-0.667	-0.667	0.001	0	-1.293
GOT1L1	-1	-0.667	-0.667	0.001	0	-1.293
ADRB3	2	-0.667	-0.667	0.001	0	-1.293
EIF4EBP1	2	-0.667	-0.667	0.001	0	-1.293
ASH2L	2	-0.667	-0.667	0.001	0	-1.293
STAR	2	-0.667	-0.667	0.001	0	-1.293
LSM1	2	-0.667	-0.667	0.001	0	-1.293
BAG4	2	-0.667	-0.667	0.001	0	-1.293
DDHD2	2	-0.667	-0.667	0.001	0	-1.293
PPAPDC1B	2	-0.667	-0.667	0.001	0	-1.293
WHSC1L1	2	-0.667	-0.667	0.001	0	-1.293
LETM2	2	-0.667	-0.667	0.001	0	-1.293
FGFR1	2	-0.667	-0.667	0.001	0	-1.293
C8orf86	2	-0.667	-0.667	0.001	0	-1.293
RNF5P1|chr8	2	-0.667	-0.667	0.001	0	-1.293
TACC1	2	-0.667	-0.667	0.001	0	-1.293
PLEKHA2	1	-0.667	-0.667	0.001	0	-1.293
HTRA4	1	-0.667	-0.667	0.001	0	-1.293
TM2D2	1	-0.667	-0.667	0.001	0	-1.293
ADAM9	1	-0.667	-0.667	0.001	0	-1.293
ADAM32	1	-0.667	-0.667	0.001	0	-1.293
ADAM3A	1	-0.667	-0.667	0.001	0	-1.293
LOC100130964	1	-0.667	-0.667	0.001	0	-1.293
ADAM18	1	-0.667	-0.667	0.001	0	-1.293
ADAM2	0	-0.667	-0.667	0.001	0	-1.293
IDO1	0	-0.667	-0.667	0.001	0	-0.667
IDO2	0	-0.667	-0.667	0.001	0	-0.667
C8orf4	0	-0.667	-0.667	0.001	0	-0.667
ZMAT4	0	-0.667	-0.667	0.001	0	0
SFRP1	0	-0.667	-0.667	0.001	0	0
GOLGA7	0	-0.667	0.667	0.001	0	0
GINS4	0	-0.667	0.667	0.001	0	0
AGPAT6	0	-0.667	0.667	0.001	0	0
NKX6-3	0	-0.667	0.667	0.001	0	0
ANK1	0	-0.667	0.667	0.001	0	0
MIR486	0	-0.667	0.667	0.001	0	0
KAT6A	0	-0.667	0.667	0.001	0	0
AP3M2	0	-0.667	0.667	0.001	0	0
PLAT	0	-0.667	0.667	0.001	0	0
IKBKB	0	-0.667	0.667	0.001	0	0
POLB	0	-0.667	0.667	0.001	0	0
DKK4	0	-0.667	0.667	0.001	0	0
VDAC3	0	-0.667	0.667	0.001	0	0
SLC20A2	0	-0.667	0.667	0.001	0	0
CHRNB3	0	-0.667	0.667	0.001	0	0
CHRNA6	0	-0.667	0.667	0.001	0	0
RNF170	0	-0.667	0.667	0.001	0	0
THAP1	0	-0.667	0.667	0.001	0	0
HOOK3	0	-0.667	0.667	0.001	0	0
MIR4469	0	-0.667	0.667	0.001	0	0
FNTA	0	-0.667	0.667	0.001	0	0
HGSNAT	0	-0.667	0.667	0.001	0	0
POTEA	0	-0.667	0.667	0.001	0	-0.667
LINC00293	1	-0.667	0.667	0.001	0	-0.667
CEBPD	1	-0.667	0.667	0.001	0	-0.667
PRKDC	1	-0.667	0.667	0.001	0	-0.667
MCM4	1	-0.667	0.667	0.001	0	-0.667
UBE2V2	1	-0.667	0.667	0.001	0	-0.667
EFCAB1	1	0.667	0.667	0.001	0	-0.667
SNAI2	1	0.667	0.667	0.001	0	-0.667
C8orf22	1	0.667	0.667	0.001	0	-0.667
SNTG1	1	2	0.667	0.001	0	-0.667
PXDNL	1	2	0.667	0.001	0	-0.667
PCMTD1	1	2	0.667	0.001	0	-0.667
ST18	1	2	0.667	0.001	0	-0.667
FAM150A	1	2	0.667	0.001	0	-0.667
RB1CC1	1	2	0.667	0.001	0	-0.667
NPBWR1	1	2	0.667	0.001	0	-0.667
OPRK1	1	2	0.667	0.001	0	-0.667
ATP6V1H	1	1.333	0.667	0.001	0	-0.667
RGS20	1	1.333	0.667	0.001	0	-0.667
TCEA1	1	1.333	0.667	0.001	0	-0.667
LYPLA1	1	1.333	0.667	0.001	0	-0.667
MRPL15	1	1.333	0.667	0.001	0	-0.667
SOX17	1	1.333	0.667	0.001	0	-0.667
RP1	1	1.333	0.667	0.001	0	-0.667
XKR4	1	1.333	0.667	0.001	0	-0.667
SBF1P1	1	1.333	0.667	0.001	0	-0.667
TMEM68	1	1.333	0.667	0.001	0	-0.667
TGS1	1	1.333	0.667	0.001	0	-0.667
LYN	1	1.333	0.667	0.001	0	-0.667
RPS20	1	1.333	0.667	0.001	0	-0.667
SNORD54	1	1.333	0.667	0.001	0	-0.667
MOS	1	1.333	0.667	0.001	0	-0.667
PLAG1	1	1.333	0.667	-0.667	0	-0.667
CHCHD7	1	1.333	0.667	-0.667	0	-0.667
SDR16C5	1	1.333	0.667	-0.667	0	-0.667
PENK	1	1.333	0.667	-0.667	0	-0.667
IMPAD1	1	1.333	0.667	-0.667	0	-0.667
FAM110B	1	2	0.667	-0.667	0	-0.667
UBXN2B	1	2	0.667	-0.667	0	-0.667
CYP7A1	1	2	0.667	-0.667	0	-0.667
SDCBP	1	2	0.667	-0.667	0	-0.667
NSMAF	1	2	0.667	-0.667	0	-0.667
TOX	1	2	0.667	-0.667	0	-0.667
CA8	0	2	0.667	-0.667	0	-0.667
RAB2A	0	2	0.667	-0.667	0	-0.667
CHD7	0	2	0.667	-0.667	0	-0.667
LOC100130298	0	2	0.667	-0.667	0	-0.667
CLVS1	0	2	0.667	-0.667	0	-0.667
ASPH	0	2	0.667	-0.667	0	-0.667
MIR4470	0	2	0.667	-0.667	0	-0.667
NKAIN3	0	2	0.667	-0.667	0	-0.667
UG0898H09	0	1.333	0.667	-0.667	0	-0.667
GGH	0	1.333	0.667	-0.667	0	-0.667
TTPA	0	1.333	0.667	-0.667	0	-0.667
YTHDF3	0	1.333	0.667	-0.667	0	-0.667
MIR124-2	0	1.333	0.667	-0.667	0	-0.667
LOC401463	0	1.333	0.667	-0.667	0	-0.667
BHLHE22	0	1.333	0.667	-0.667	0	-0.667
CYP7B1	0	1.333	0.667	-0.667	0	-0.667
LINC00251	0	1.333	0.667	-0.667	0	-0.667
LOC286186	0	1.333	0.667	-0.667	0	-0.667
ARMC1	0	1.333	0.667	-0.667	0	-0.667
MTFR1	0	1.333	0.667	-0.667	0	-0.667
PDE7A	0	1.333	0.667	-0.667	0	-0.667
DNAJC5B	0	1.333	0.667	-0.667	0	-0.667
TRIM55	0	1.333	0.667	-0.667	0	-0.667
CRH	0	1.333	0.667	-0.667	0	-0.667
ADHFE1	0	1.333	0.667	-0.667	0	-0.667
RRS1	0	1.333	0.667	-0.667	0	-0.667
C8orf46	0	1.333	0.667	-0.667	0	-0.667
MYBL1	0	1.333	0.667	-0.667	0	-0.667
VCPIP1	0	1.333	0.667	-0.667	0	-0.667
C8orf44-SGK3	0	1.333	0.667	-0.667	0	-0.667
C8orf44	0	1.333	0.667	-0.667	0	-0.667
SGK3	0	1.333	0.667	-0.667	0	-0.667
PTTG3P	0	1.333	0.667	-0.667	0	-0.667
SNHG6	0	1.333	0.667	-0.667	0	-0.667
SNORD87	0	1.333	0.667	-0.667	0	-0.667
TCF24	0	1.333	0.667	-0.667	0	-0.667
PPP1R42	0	1.333	0.667	-0.667	0	-0.667
COPS5	0	1.333	0.667	-0.667	0	-0.667
CSPP1	0	1.333	0.667	-0.667	0	-0.667
ARFGEF1	0	1.333	0.667	-0.667	0	-0.667
CPA6	0	1.333	0.667	-0.667	0	-0.667
PREX2	0	2	0.667	-0.667	0	-0.667
LOC286189	0	2	0.667	-0.667	0	-0.667
C8orf34	0	2	0.667	-0.667	0	-0.667
SULF1	0	2	0.667	-0.667	0	-0.667
SLCO5A1	0	2	0.667	-0.667	0	-0.667
PRDM14	0	2	0.667	-0.667	0	-0.667
NCOA2	0	2	0.667	-0.667	0	-0.667
TRAM1	0	2	0.667	-0.667	0	-0.667
LACTB2	0	2	0.667	-0.667	0	-0.667
LOC286190	0	2	0.667	-0.667	0	-0.667
XKR9	0	2	0.667	-0.667	0	-0.667
EYA1	0	2	0.667	-0.667	0	-0.667
LOC100132891	0	2	0.667	-0.667	0	-0.667
MSC	0	2	0.667	-0.667	0	-0.667
TRPA1	0	2	0.667	-0.667	0	-0.667
LOC392232	0	2	0.667	-0.667	0	-0.667
KCNB2	0	2	0.667	-0.667	0	-0.667
TERF1	0	2	0.667	-0.667	0	-0.667
LOC100130301	0	2	0.667	-0.667	0	-0.667
RDH10	0	2	0.667	-0.667	0	-0.667
RPL7	0	2	0.667	-0.667	0	-0.667
STAU2	0	2	0.667	-0.667	0	-0.667
UBE2W	0	2	0.667	-0.667	0	-0.667
LY96	0	2	0.667	-0.667	0	-0.667
TCEB1	0	2	0.667	-0.667	0	-0.667
TMEM70	0	2	0.667	-0.667	0	-0.667
JPH1	0	2	0.667	-0.667	0	-0.667
GDAP1	0	2	0.667	-0.667	0	-0.667
FLJ39080	0	2	0.667	-0.667	0	-0.667
MIR2052	0	2	0.667	-0.667	0	-0.667
PI15	0	2	0.667	-0.667	0	-0.667
CRISPLD1	0	2	0.667	-0.667	0	-0.667
HNF4G	0	2	0.667	-0.667	0	-0.667
ZFHX4	0	2	0.667	-0.667	0	-0.667
hsa-mir-3149	0	2	0.667	-0.667	0	-0.667
PEX2	0	2	0.667	-0.667	0	-0.667
PKIA	0	2	0.667	-0.667	0	-0.667
ZC2HC1A	0	2	0.667	-0.667	0	-0.667
IL7	0	2	0.667	-0.667	0	-0.667
STMN2	0	2	0.667	-0.667	0	-0.667
HEY1	0	2	0.667	-0.667	0	-0.667
MRPS28	0	2	0.667	-0.667	0	-0.667
TPD52	0	2	0.667	-0.667	0	-0.667
ZBTB10	0	2	0.667	-0.667	0	-0.667
ZNF704	0	2	0.667	-0.667	0	-0.667
PAG1	0	2	0.667	-0.667	0	-0.667
FABP5	0	2	0.667	-0.667	0	-0.667
PMP2	0	2	0.667	-0.667	0	-0.667
FABP9	0	2	0.667	-0.667	0	-0.667
FABP4	0	2	0.667	-0.667	0	-0.667
FABP12	0	2	0.667	-0.667	0	-0.667
IMPA1	0	2	0.667	-0.667	0	-0.667
SLC10A5	0	2	0.667	-0.667	0	-0.667
ZFAND1	0	2	0.667	-0.667	0	-0.667
CHMP4C	0	2	0.667	-0.667	0	-0.667
SNX16	0	2	0.667	-0.667	0	-0.667
RALYL	0	2	0.667	0	0	-0.667
LRRCC1	0	2	0.667	0	0	-0.667
E2F5	0	1.333	0.667	0	0	-0.667
C8orf59	0	1.333	0.667	0	0	-0.667
CA13	0	1.333	0.667	0	0	-0.667
CA1	0	1.333	0.667	0	0	-0.667
CA2	0	1.333	0.667	0	0	-0.667
CA3	0	1.333	0.667	0	0	-0.667
REXO1L2P	0	1.333	0.667	0	0	-0.667
PSKH2	0	1.333	0.667	0	0	-0.667
ATP6V0D2	0	1.333	0.667	0	0	-0.667
SLC7A13	0	1.333	0.667	0	0	-0.667
WWP1	0	1.333	0.667	0	0	-0.667
CPNE3	0	1.333	0.667	0	0	-0.667
CNGB3	0	1.333	0.667	0	0	-0.667
CNBD1	0	1.333	0.667	0	0	-0.667
DCAF4L2	0	1.333	0.667	0	0	-0.667
MMP16	0	1.333	0.667	0	0	-0.667
RIPK2	0	1.333	0.667	0	0	-0.667
OSGIN2	0	1.333	0.667	0	0	-0.667
NBN	0	1.333	0.667	0	0	-0.667
DECR1	0	1.333	0.667	0	0	-0.667
CALB1	0	1.333	0.667	0	0	-0.667
TMEM64	0	1.333	0.667	0	0	-0.667
NECAB1	0	1.333	0.667	0	0	-0.667
TMEM55A	0	1.333	0.667	0	0	-0.667
OTUD6B	0	1.333	0.667	0	0	-0.667
LRRC69	0	1.333	0.667	0	0	-0.667
MIR4661	0	1.333	0.667	0	0	-0.667
SLC26A7	0	1.333	0.667	0	0	-0.667
RUNX1T1	0	1.333	0.667	0	0	-0.667
FLJ46284	0	1.333	0.667	0	0	-0.667
LINC00535	0	1.333	0.667	0	0	-0.667
FAM92A1	0	1.333	0.667	0	0	-0.667
RBM12B	1	1.333	0.667	0	0	-0.667
TMEM67	1	1.333	0.667	0	0	-0.667
MIR378D2	1	1.333	0.667	0	0	-0.667
PDP1	1	1.333	0.667	0	0	-0.667
CDH17	1	1.333	0.667	0	0	-0.667
GEM	1	1.333	0.667	0	0	-0.667
FSBP	1	1.333	0.667	0	0	-0.667
RAD54B	1	1.333	0.667	0	0	-0.667
KIAA1429	0	1.333	0.667	0	0	-0.667
ESRP1	0	1.333	0.667	0	0	-0.667
LOC100288748	0	1.333	0.667	0	0	-0.667
DPY19L4	0	1.333	0.667	0	0	-0.667
INTS8	0	1.333	0.667	0	0	-0.667
CCNE2	0	1.333	0.667	0	0	-0.667
TP53INP1	0	1.333	0.667	0	0	-0.667
MIR3150A	0	1.333	0.667	0	0	-0.667
MIR3150B	0	1.333	0.667	0	0	-0.667
PLEKHF2	0	1.333	0.667	0	0	-0.667
C8orf69	0	1.333	0.667	0	0	-0.667
C8orf37	0	1.333	0.667	0	0	-0.667
LOC100616530	0	1.333	0.667	0	0	-0.667
LOC100500773	0	1.333	0.667	0	0	-0.667
GDF6	0	1.333	0.667	0	0	-0.667
UQCRB	0	1.333	0.667	0	0	-0.667
MTERFD1	0	1.333	0.667	0	0	-0.667
PTDSS1	0	1.333	0.667	0	0	-0.667
SDC2	0	1.333	0.667	0	0	-0.667
TSPYL5	0	1.333	0.667	0	0	-0.667
MTDH	0	1.333	0.667	0	0	-0.667
LAPTM4B	0	1.333	0.667	0	0	-0.667
MATN2	0	1.333	0.667	0	0	-0.667
RPL30	0	1.333	0.667	0	0	-0.667
SNORA72	0	1.333	0.667	0	0	-0.667
HRSP12	0	1.333	0.667	0	0	-0.667
POP1	0	1.333	0.667	0	0	-0.667
NIPAL2	0	1.333	0.667	0	0	-0.667
KCNS2	0	1.333	0.667	0	0	-0.667
STK3	0	1.333	0.667	0	0	-0.667
OSR2	0	1.333	0.667	0	0	-0.667
VPS13B	0	1.333	0.667	0	0	-0.667
MIR599	0	1.333	0.667	0	0	-0.667
MIR875	0	1.333	0.667	0	0	-0.667
COX6C	0	1.333	0.667	0	0	-0.667
RGS22	0	1.333	0.667	0	0	-0.667
hsa-mir-1273	0	1.333	0.667	0	0	-0.667
FBXO43	0	1.333	0.667	0	0	-0.667
POLR2K	0	1.333	0.667	0	0	-0.667
SPAG1	0	1.333	0.667	0	0	-0.667
RNF19A	0	1.333	0.667	0	0	-0.667
MIR4471	0	1.333	0.667	0	0	-0.667
ANKRD46	0	1.333	0.667	0	0	-0.667
SNX31	0	1.333	0.667	0	0	-0.667
PABPC1	0	1.333	0.667	0	0	-0.667
YWHAZ	0	1.333	0.667	0	0	-0.667
FLJ42969	0	1.333	0.667	0	0	-0.667
ZNF706	0	1.333	0.667	0	0	-0.667
NACAP1	0	1.333	0.667	0	0	-0.667
GRHL2	0	1.333	0.667	0	0	-0.667
NCALD	0	1.333	0.667	0	0	-0.667
RRM2B	0	1.333	0.667	0	0	-0.667
UBR5	0	1.333	0.667	0	0	-0.667
ODF1	0	1.333	0.667	0	0	-0.667
KLF10	0	1.333	0.667	0	0	-0.667
AZIN1	0	1.333	0.667	0	0	-0.667
ATP6V1C1	0	1.333	0.667	0	0	-0.667
BAALC	0	1.333	0.667	0	0	-0.667
MIR3151	0	1.333	0.667	0	0	-0.667
FZD6	0	1.333	0.667	0	0	-0.667
CTHRC1	0	1.333	0.667	0	0	-0.667
SLC25A32	0	1.333	0.667	0	0	-0.667
DCAF13	0	1.333	0.667	0	0	-0.667
RIMS2	0	1.333	0.667	0	0	-0.667
DPYS	0	1.333	0.667	0	0	-0.667
LRP12	0	1.333	0.667	0	0	-0.667
hsa-mir-548a-3	0	1.333	0.667	0	0	-0.667
ZFPM2	0	1.333	0.667	0	0	-0.667
OXR1	0	1.333	0.667	0	0	-0.667
ABRA	0	1.333	0.667	0	0	-0.667
ANGPT1	0	1.333	0.667	0	0	-0.667
RSPO2	0	1.333	0.667	0	0	-0.667
EIF3E	0	1.333	0.667	0	0	-0.667
TMEM74	0	1.333	0.667	0	0	-0.667
TRHR	0	1.333	0.667	0	0	-0.667
NUDCD1	0	1.333	0.667	0	0	-0.667
ENY2	0	1.333	0.667	0	0	-0.667
PKHD1L1	0	1.333	0.667	0	0	-0.667
EBAG9	0	1.333	0.667	0	0	-0.667
SYBU	0	1.333	0.667	0	0	-0.667
KCNV1	0	2	0.667	0	0	-0.667
CSMD3	0	2	0.667	0	0	-0.667
MIR2053	0	2	0.667	0	0	-0.667
TRPS1	0	2	0.667	0	0	-0.667
LINC00536	0	2	0.667	0	0	-0.667
EIF3H	0	2	0.667	0	0	-0.667
UTP23	0	2	0.667	0	0	-0.667
RAD21	0	2	0.667	0	0	-0.667
MIR3610	0	2	0.667	0	0	-0.667
RAD21-AS1	0	2	0.667	0	0	-0.667
SLC30A8	0	2	0.667	0	0	-0.667
MED30	0	2	0.667	0	0	-0.667
EXT1	0	2	0.667	0	0	-0.667
SAMD12	0	2	0.667	0	0	-0.667
SAMD12-AS1	0	2	0.667	0	0	-0.667
TNFRSF11B	0	2	0.667	0	0	-0.667
COLEC10	0	2	0.667	0	0	-0.667
MAL2	0	2	0.667	0	0	-0.667
NOV	0	2	0.667	0	0	-0.667
ENPP2	0	2	0.667	0	0	-0.667
TAF2	0	2	0.667	0	0	-0.667
DSCC1	0	2	0.667	0	0	-0.667
DEPTOR	0	2	0.667	0	0	-0.667
COL14A1	0	2	0.667	0	0	-0.667
MRPL13	0	2	0.667	0	0	-0.667
MTBP	0	2	0.667	0	0	-0.667
SNTB1	0	2	0.667	0	0	-0.667
HAS2	0	2	0.667	0	0	3.336
HAS2-AS1	0	2	0.667	0	0	3.336
ZHX2	0	1.333	0.667	0	0	3.336
DERL1	0	1.333	0.667	0	0	3.336
FAM83A	0	1.333	0.667	0	0	3.336
C8orf76	0	1.333	0.667	0	0	3.336
MIR4663	0	1.333	0.667	0	0	3.336
ZHX1-C8ORF76	0	1.333	0.667	0	0	3.336
ZHX1	0	1.333	0.667	0	0	3.336
ATAD2	0	1.333	0.667	0	0	3.336
hsa-mir-548d-1	0	1.333	0.667	0	0	3.336
WDYHV1	0	1.333	0.667	0	0	3.336
FBXO32	0	1.333	0.667	0	0	3.336
KLHL38	0	1.333	0.667	0	0	3.336
ANXA13	0	1.333	0.667	0	0	3.336
FAM91A1	0	1.333	0.667	0	0	3.336
FER1L6	0	1.333	0.667	0	0	3.336
FER1L6-AS1	0	1.333	0.667	0	0	3.336
TMEM65	0	1.333	0.667	0	0	3.336
TRMT12	0	1.333	0.667	0	0	3.336
RNF139	0	1.333	0.667	0	0	3.336
TATDN1	0	1.333	0.667	0	0	3.336
NDUFB9	0	1.333	0.667	0	0	3.336
MTSS1	0	1.333	0.667	0	0	3.336
ZNF572	0	1.333	0.667	0	0	3.336
SQLE	0	1.333	0.667	0	0	3.336
KIAA0196	0	1.333	0.667	0	0	3.336
NSMCE2	1	1.333	0.667	0	0	3.336
TRIB1	1	1.333	0.667	0	0	3.336
FAM84B	0	1.333	0.667	0	0	3.657
PCAT1	0	1.333	0.667	0	0	3.657
POU5F1B	0	1.333	0.667	0	0	3.657
MYC	0	1.333	0.667	0	0	3.333
MIR1204	0	1.333	0.667	0	0	3.333
PVT1	0	1.333	0.667	0	0	3.333
MIR1205	0	1.333	0.667	0	0	3.333
MIR1206	0	1.333	0.667	0	0	3.333
MIR1207	0	1.333	0.667	0	0	3.333
MIR1208	0	1.333	0.667	0	0	3.333
GSDMC	0	1.333	0.667	0	0	3.657
FAM49B	0	1.333	0.667	0	0	3.657
ASAP1	0	1.333	0.667	0	0	3.657
ASAP1-IT1	0	1.333	0.667	0	0	3.657
ADCY8	0	1.333	0.667	0	0	3.657
EFR3A	0	1.333	0.667	0.667	0	3.657
OC90	0	1.333	0.667	0.667	0	3.657
HHLA1	0	1.333	0.667	0.667	0	3.657
KCNQ3	0	1.333	0.667	0.667	0	3.657
HPYR1	0	1.333	0.667	0.667	0	3.657
LRRC6	0	1.333	0.667	0.667	0	3.657
TMEM71	0	1.333	0.667	0.667	0	3.657
PHF20L1	0	1.333	0.667	0.667	0	3.657
TG	0	1.333	0.667	0.667	0	3.657
SLA	0	1.333	0.667	0.667	0	3.333
WISP1	0	1.333	0.667	0.667	0	-0.667
NDRG1	0	1.333	0.667	0.667	0	-0.667
ST3GAL1	0	1.333	0.667	0.667	0	-0.667
ZFAT	0	1.333	0.667	0.667	0	-0.667
ZFAT-AS1	0	1.333	0.667	0.667	0	-0.667
MIR30B	0	1.333	0.667	0.667	0	-0.667
MIR30D	0	1.333	0.667	0.667	0	-0.667
KHDRBS3	0	1.333	0.667	0.667	0	-0.667
FAM135B	0	1.333	0.667	0.667	0	-0.667
COL22A1	0	1.333	0.667	0.667	0	-0.667
KCNK9	0	1.333	0.667	0.667	0	-0.667
TRAPPC9	0	1.333	0.667	0.667	0	-0.667
CHRAC1	0	1.333	0.667	0.667	0	-0.667
PTK2	0	1.333	0.667	0.667	0	-0.667
hsa-mir-151	0	1.333	0.667	0.667	0	-0.667
DENND3	0	1.333	0.667	0.667	0	-0.667
SLC45A4	0	1.333	0.667	0.667	0	-0.667
GPR20	0	1.333	0.667	0.667	0	-0.667
LOC731779	0	1.333	0.667	0.667	0	-0.667
PTP4A3	0	1.333	0.667	0.667	0	-0.667
hsa-mir-1302-7	0	1.333	0	0.667	0	-0.667
MIR4472-1	0	1.333	0	0.667	0	-0.667
LINC00051	0	1.333	0	0.667	0	-0.667
TSNARE1	0	1.333	0	0.667	0	-0.667
BAI1	0	1.333	0	0.667	0	-0.667
ARC	0	1.333	0	0.667	0	-0.667
JRK	0	1.333	0	0.667	0	-0.667
PSCA	0	1.333	0	0.667	0	-0.667
LOC100288181	0	1.333	0	0.667	0	-0.667
LY6K	0	1.333	0	0.667	0	-0.667
SLURP1	0	1.333	0	0.667	0	-0.667
LYPD2	0	1.333	0	0.667	0	-0.667
LYNX1	0	1.333	0	0.667	0	-0.667
LY6D	0	1.333	0	0.667	0	-0.667
GML	0	1.333	0	0.667	0	-0.667
CYP11B1	0	1.333	0	0.667	0	-0.667
CYP11B2	0	1.333	0	0.667	0	-0.667
LOC100133669	0	1.333	0	0.667	0	-0.667
C8orf31	0	1.333	0	0.667	0	-0.667
LY6E	0	1.333	0	0.667	0	-0.667
LY6H	0	1.333	0	0.667	0	-0.667
GPIHBP1	0	1.333	0	0.667	0	-0.667
GLI4	0	1.333	0	0.667	0	-0.667
ZFP41	0	1.333	0	0.667	0	-0.667
ZNF696	0	1.333	0	0.667	0	-0.667
TOP1MT	0	1.333	0	0.667	0	-0.667
RHPN1	0	1.333	0	0.667	0	-0.667
MAFA	0	1.333	0	0.667	0	-0.667
ZC3H3	0	1.333	0	0.667	0	-0.667
GSDMD	0	1.333	0	0.667	0	-0.667
EEF1D	0	1.333	0	0.667	0	-0.667
NAPRT1	0	1.333	0	0.667	0	-0.667
TIGD5	0	1.333	0	0.667	0	-0.667
PYCRL	0	1.333	0	0.667	0	-0.667
TSTA3	0	1.333	0	0.667	0	-0.667
ZNF623	0	1.333	0	0.667	0	-0.667
ZNF707	0	1.333	0	0.667	0	-0.667
BREA2	0	1.333	0	0.667	0	-0.667
CCDC166	0	1.333	0	0.667	0	-0.667
FAM83H	0	1.333	0	0.667	0	-0.667
MAPK15	0	1.333	0	0.667	0	-0.667
MIR4664	0	1.333	0	0.667	0	-0.667
MIR937	0	1.333	0	0.667	0	-0.667
NRBP2	0	1.333	0	0.667	0	-0.667
PUF60	0	1.333	0	0.667	0	-0.667
SCRIB	0	1.333	0	0.667	0	-0.667
EPPK1	0	1.333	0	0.667	0	-0.667
PLEC	0	1.333	0	0.667	0	-0.667
MIR661	0	1.333	0	0.667	0	-0.667
PARP10	0	1.333	0	0.667	0	-0.667
GRINA	0	1.333	0	0.667	0	-0.667
SPATC1	0	1.333	0	0.667	0	-0.667
OPLAH	0	1.333	0	0.667	0	-0.667
EXOSC4	0	1.333	0	0.667	0	-0.667
GPAA1	0	1.333	0	0.667	0	-0.667
CYC1	0	1.333	0	0.667	0	-0.667
FAM203A	0	1.333	0	0.667	0	-0.667
KIAA1875	0	1.333	0	0.667	0	-0.667
MAF1	0	1.333	0	0.667	0	-0.667
SHARPIN	0	1.333	0	0.667	0	-0.667
BOP1	0	1.333	0	0.667	0	-0.667
SCXA	0	1.333	0	0.667	0	-0.667
SCXB	0	1.333	0	0.667	0	-0.667
DGAT1	0	1.333	0	0.667	0	-0.667
HSF1	0	1.333	0	0.667	0	-0.667
SCRT1	0	1.333	0	0.667	0	-0.667
FBXL6	0	1.333	0	0.667	0	-0.667
ADCK5	0	1.333	0	0.667	0	-0.667
CPSF1	0	1.333	0	0.667	0	-0.667
MIR1234	0	1.333	0	0.667	0	-0.667
MIR939	0	1.333	0	0.667	0	-0.667
SLC39A4	0	1.333	0	0.667	0	-0.667
VPS28	0	1.333	0	0.667	0	-0.667
TONSL	0	1.333	0	0.667	0	-0.667
CYHR1	0	1.333	0	0.667	0	-0.667
FOXH1	0	1.333	0	0.667	0	-0.667
KIFC2	0	1.333	0	0.667	0	-0.667
GPT	0	1.333	0	0.667	0	-0.667
LRRC14	0	1.333	0	0.667	0	-0.667
MFSD3	0	1.333	0	0.667	0	-0.667
PPP1R16A	0	1.333	0	0.667	0	-0.667
RECQL4	0	1.333	0	0.667	0	-0.667
ARHGAP39	0	1.333	0	0.667	0	-0.667
C8orf82	0	1.333	0	0.667	0	-0.667
LRRC24	0	1.333	0	0.667	0	-0.667
ZNF251	0	1.333	0	0.667	0	-0.667
RPL8	0	1.333	0	0.667	0	-0.667
ZNF34	0	1.333	0	0.667	0	-0.667
ZNF517	0	1.333	0	0.667	0	-0.667
ZNF7	0	1.333	0	0.667	0	-0.667
COMMD5	0	1.333	0	0.667	0	-0.667
ZNF250	0	1.333	0	0.667	0	-0.667
ZNF16	0	1.333	0	0.667	0	-0.667
TMED10P1	0	1.333	0	0.667	0	-0.667
C8orf33	0	1.333	0	0.667	0	-0.667
PTPRD	0	0	0	0.667	0	-0.667
C9orf53	0	0	0	-1.293	0	-0.667
CDKN2A	0	0	0	-1.293	0	-0.667
CDKN2B-AS1	0	0	0	-1.293	0	-0.667
CDKN2B	0	0	0	-0.667	0	-0.667
PPP6R3	0	0.667	0	0.667	-0.5	0.667
GAL	0	0.667	0	0.667	-0.5	0.667
MTL5	0	0.667	0	0.667	-0.5	0.667
CPT1A	0	0.667	0	0.667	-0.5	0.667
MRPL21	0	0.667	0	0.667	-0.5	0.667
IGHMBP2	0	0.667	0	0.667	-0.5	0.667
MRGPRD	0	0.667	0	0.667	-0.5	0.667
MRGPRF	0	0.667	0	0.667	-0.5	0.667
TPCN2	0	0.667	0	0.667	-0.5	0.667
hsa-mir-3164	0	0.667	0	0.667	-0.5	0.667
MYEOV	0	0.667	0	0.667	-0.5	0.667
CCND1	0	0.667	0	0.667	-0.5	0.667
ORAOV1	0	0.667	0	0.667	-0.5	0.667
FGF19	0	0.667	0	0.667	-0.5	0.667
FGF4	0	0.667	0	0.667	-0.5	0.667
FGF3	0	0.667	0	0.667	-0.5	0.667
ANO1	0	0.667	0	0.667	-0.5	0.667
FADD	0	0.667	0	0.667	-0.5	0.667
MIR548K	0	0.667	0	0.667	-0.5	0.667
PPFIA1	0	0.667	0	0.667	-0.5	0.667
CTTN	0	0.667	0	0.667	-0.5	0.667
SHANK2	0	0.667	0	0.667	-0.5	0.667
MIR3664	0	0.667	0	0.667	-0.5	0.667
FLJ42102	0	0.667	0	0.667	-0.5	0.667
DHCR7	0	0.667	0	0.667	-0.5	0.667
NADSYN1	0	0.667	0	0.667	-0.5	0.667
KRTAP5-7	0	0.667	0	0.667	-0.5	0.667
KRTAP5-8	0	0.667	0	0.667	-0.5	0.667
KRTAP5-9	0	0.667	0	0.667	-0.5	0.667
KRTAP5-10	0	0.667	0	0.667	-0.5	0.667
KRTAP5-11	0	0.667	0	0.667	-0.5	0.667
PAK1	1	0.667	0	0.667	-0.5	0.667
AQP11	1	0.667	0	0.667	-0.5	0.667
CLNS1A	1	0.667	0	0.667	-0.5	0.667
RSF1	1	0.667	0	0.667	-0.5	0.667
INTS4	1	0.667	0	0.667	-0.5	0.667
KCTD14	1	0.667	0	0.667	-0.5	0.667
NDUFC2-KCTD14	1	0.667	0	0.667	-0.5	0.667
NDUFC2	1	0.667	0	0.667	-0.5	0.667
THRSP	1	0.667	0	0.667	-0.5	0.667
ALG8	1	0.667	0	0.667	-0.5	0.667
KCTD21	1	0.667	0	0.667	-0.5	0.667
USP35	1	0.667	0	0.667	-0.5	0.667
GAB2	1	0.667	0	0.667	-0.5	0.667
FAM138D	0	0.667	0	0.667	0	0
IQSEC3	0	0.667	0	0.667	0	0
LOC100288778	0	0.667	0	0.667	0	0
SLC6A12	0	0.667	0	0.667	0	0
SLC6A13	0	0.667	0	0.667	0	0
KDM5A	0	0.667	0	0.667	0	0
CCDC77	0	0.667	0	0.667	0	0
B4GALNT3	0	0.667	0	0.667	0	0
NINJ2	0	0.667	0	0.667	0	0
WNK1	0	0.667	0	0.667	0	0
RAD52	0	0.667	0	0.667	0	0
ERC1	0	0.667	0	0.667	0	0
FBXL14	0	0.667	0	0.667	0	0
WNT5B	0	0.667	0	0.667	0	0
ADIPOR2	0	0.667	0	0.667	0	0
MIR3649	0	0.667	0	0.667	0	0
CACNA2D4	0	0.667	0	0.667	0	0
LRTM2	0	0.667	0	0.667	0	0
DCP1B	0	0.667	0	0.667	0	0
CACNA1C	0	0.667	0	0.667	0	0
FKBP4	0	0.667	0	0.667	0	0
ITFG2	0	0.667	0	0.667	0	0
NRIP2	0	0.667	0	0.667	0	0
LOC100507424	0	0.667	0	0.667	0	0
FOXM1	0	0.667	0	0.667	0	0
TULP3	0	0.667	0	0.667	0	0
TEAD4	0	0.667	0	0.667	0	0
TSPAN9	0	0.667	0	0.667	0	0
PRMT8	0	0.667	0	0.667	0	0
EFCAB4B	0	0.667	0	0.667	0	0
PARP11	0	0.667	0	0.667	0	0
CCND2	0	0.667	0	0.667	0	0
C12orf5	0	0.667	0	0.667	0	0
FGF23	0	0.667	0	0.667	0	0
FGF6	0	0.667	0	0.667	0	0
C12orf4	0	0.667	0	0.667	0	0
RAD51AP1	0	0.667	0	0.667	0	0
DYRK4	0	0.667	0	0.667	0	0
AKAP3	0	0.667	0	0.667	0	0
NDUFA9	0	0.667	0	0.667	0	0
GALNT8	0	0.667	0	0.667	0	0
KCNA6	0	0.667	0	0.667	0	0
KCNA1	0	0.667	0	0.667	0	0
KCNA5	0	0.667	0	0.667	0	0
ANO2	0	0.667	0	0.667	0	0
VWF	0	0.667	0	0.667	0	0
IFFO1	0	0.667	0	-0.667	0	0
MIR1244-1|chr12	0	0.667	0	-0.667	0	0
MIR1244-2|chr12	0	0.667	0	-0.667	0	0
PRH1-PRR4	0	0.667	0	-0.667	0	0
TAS2R19	0	0.667	0	-0.667	0	0
TAS2R31	0	0.667	0	-0.667	0	0
TAS2R46	0	0.667	0	-0.667	0	0
TAS2R43	0	0.667	0	-0.667	0	0
TAS2R30	0	0.667	0	-0.667	0	0
LOC100129361	0	0.667	0	-0.667	0	0
TAS2R42	0	0.667	0	-0.667	0	0
ETV6	0	0.667	0	-0.667	0	0
BCL2L14	0	0.667	0	-0.667	0	0
LRP6	0	0.667	0	-0.667	0	0
PIK3C2G	0	0.667	0	-0.667	0	0
PLCZ1	0	0.667	0	-0.667	0	0
CAPZA3	0	0.667	0	-0.667	0	0
PLEKHA5	0	0.667	0	-0.667	0	0
AEBP2	0	0.667	0	-0.667	0	0
PDE3A	0	0.667	0	-0.667	0	0
SLCO1C1	0	0.667	0	-0.667	0	0
SLCO1B3	0	0.667	0	-0.667	0	0
SLCO1B7	0	0.667	0	-0.667	0	0
SLCO1B1	0	0.667	0	-0.667	0	0
SLCO1A2	0	0.667	0	-0.667	0	0
IAPP	0	0.667	0	-0.667	0	0
PYROXD1	0	0.667	0	-0.667	0	0
RECQL	0	0.667	0	-0.667	0	0
C12orf39	0	0.667	0	-0.667	0	0
GOLT1B	0	0.667	0	-0.667	0	0
GYS2	0	0.667	0	-0.667	0	0
LDHB	0	0.667	0	-0.667	0	0
KCNJ8	0	0.667	0	-0.667	0	0
ABCC9	0	0.667	0	-0.667	0	0
CMAS	0	0.667	0	-0.667	0	0
ST8SIA1	0	0.667	0	-0.667	0	0
ETNK1	0	0.667	0	-0.667	0	0
SOX5	0	0.667	0	-0.667	0	0
MIR920	0	0.667	0	-0.667	0	0
LINC00477	0	0.667	0	-0.667	0	0
BCAT1	0	0.667	0	-0.667	0	0
C12orf77	0	0.667	0	-0.667	0	0
LRMP	0	0.667	0	-0.667	0	0
CASC1	0	0.667	0	-0.667	0	0
LYRM5	0	0.667	0	-0.667	0	0
KRAS	0	0.667	0	-0.667	0	0
IFLTD1	0	0.667	0	-0.667	0	0
MIR4302	0	0.667	0	-0.667	0	0
RASSF8	0	0.667	0	-0.667	0	0
BHLHE41	0	0.667	0	-0.667	0	0
SSPN	0	0.667	0	-0.667	0	0
ITPR2	0	0.667	0	-1.293	0	0
ASUN	0	0.667	0	-0.667	0	0
FGFR1OP2	0	0.667	0	-0.667	0	0
TM7SF3	0	0.667	0	-0.667	0	0
MED21	0	0.667	0	-0.667	0	0
C12orf71	0	0.667	0	-0.667	0	0
STK38L	0	0.667	0	-0.667	0	0
ARNTL2	0	0.667	0	-0.667	0	0
PPFIBP1	0	0.667	0	-0.667	0	0
REP15	0	0.667	0	-0.667	0	0
MRPS35	0	0.667	0	-0.667	0	0
MANSC4	0	0.667	0	-0.667	0	0
PTHLH	0	0.667	0	-0.667	0	0
CCDC91	0	0.667	0	-0.667	0	0
FAR2	0	0.667	0	-0.667	0	0
ERGIC2	0	0.667	0	-0.667	0	0
OVCH1	0	0.667	0	-0.667	0	0
TMTC1	0	0.667	0	-0.667	0	0
DDX11	0	0.667	0	-0.667	0.5	0
FAM60A	0	0.667	0	-0.667	0.5	0
DENND5B	0	0.667	0	-0.667	0.5	0
ARHGEF25	0	0.667	0	-0.667	0	0
B4GALNT1	0	0.667	0	-0.667	0	0
SLC26A10	0	0.667	0	-0.667	0	0
OS9	0	0.667	0	-0.667	0	0
AGAP2	0	0.667	0	-0.667	0	0
CDK4	0	0.667	0	-0.667	0	0
TSPAN31	0	0.667	0	-0.667	0	0
MARCH9	0	0.667	0	-0.667	0	0
CYP27B1	0	0.667	0	-0.667	0	0
METTL1	0	0.667	0	-0.667	0	0
METTL21B	0	0.667	0	-0.667	0	0
TSFM	0	0.667	0	-0.667	0	0
AVIL	0	0.667	0	-0.667	0	0
CTDSP2	0	0.667	0	-0.667	0	0
MIR26A2	0	0.667	0	-0.667	0	0
XRCC6BP1	0	0.667	0	-0.667	0	0
DYRK2	0	0.667	0	-0.667	0	0
IFNG	0	0.667	0	-0.667	0	0
IL26	0	0.667	0	-0.667	0	0
IL22	0	0.667	0	-0.667	0	0
MDM1	0	0.667	0	-0.667	0	0
RAP1B	0	0.667	0	-0.667	0	0
SNORA70G	0	0.667	0	-0.667	0	0
NUP107	0	0.667	0	-0.667	0	0
SLC35E3	0	0.667	0	-0.667	0	0
MDM2	0	0.667	0	-0.667	0	0
CPM	0	0.667	0	-0.667	0	0
CPSF6	0	0.667	0	-0.667	0	0
MIR1279	0	0.667	0	-0.667	0	0
LYZ	0	0.667	0	-0.667	0	0
YEATS4	0	0.667	0	-0.667	0	0
FRS2	0	0.667	0	-0.667	0	0
CCT2	0	0.667	0	-0.667	0	0
MIR3913-1	0	0.667	0	-0.667	0	0
MIR3913-2	0	0.667	0	-0.667	0	0
LRRC10	0	0.667	0	-0.667	0	0
BEST3	0	0.667	0	-0.667	0	0
RAB3IP	0	0.667	0	-0.667	0	0
CNOT2	0	0.667	0	-0.667	0	0
KCNMB4	0	0.667	0	-0.667	0	0
PTPRB	0	0.667	0	-0.667	0	0
PTPRR	0	0.667	0	-0.667	0	0
ARL5C	0	0	0	0.667	-0.5	0
CACNB1	0	0	0	0.667	-0.5	0
RPL19	0	0	0	0.667	-0.5	0
STAC2	0	0	0	0.667	-0.5	0
FBXL20	0	0	0	0.667	-0.5	0
MED1	0	0	0	0.667	-0.5	0
CDK12	0	0	0	0.667	-0.5	0
NEUROD2	0	0	0	0.667	-0.5	0
PPP1R1B	0	0	0	0.667	-0.5	0
STARD3	0	0	0	0.667	-0.5	0
PNMT	0	0	0	0.667	-0.5	0
TCAP	0	0	0	0.667	-0.5	0
PGAP3	0	0	0	0.667	-0.5	0
ERBB2	0	0	0	0.667	-0.5	0
MIR4728	0	0	0	0.667	-0.5	0
GRB7	0	0	0	0.667	-0.5	0
MIEN1	0	0	0	0.667	-0.5	0
IKZF3	0	0	0	0.667	-0.5	0
ZPBP2	0	0	0	0.667	-0.5	0
GSDMB	0	0	0	0.667	-0.5	0
ORMDL3	0	0	0	0.667	-0.5	0
LRRC3C	0	0	0	0.667	-0.5	0
GSDMA	0	0	0	0.667	-0.5	0
PSMD3	0	0	0	0.667	-0.5	0
CSF3	0	0	0	0.667	-0.5	0
MED24	0	0	0	0.667	-0.5	0
SNORD124	0	0	0	0.667	-0.5	0
THRA	0	0	0	0.667	-0.5	0
NR1D1	0	0	0	0.667	-0.5	0
MSL1	0	0	0	0.667	-0.5	0
CASC3	0	0	0	0.667	-0.5	0
RAPGEFL1	0	0	0	0.667	-0.5	0
WIPF2	0	0	0	0.667	-0.5	0
ZNF726	-1	0	-0.667	0	-0.5	-0.667
ZNF254	-1	0	-0.667	0	-0.5	-0.667
LOC100505835	-1	0	-0.667	0	-0.5	-0.667
UQCRFS1	-1	0	-0.667	0	-0.5	-0.667
LOC284395	0	0	-0.667	0	-0.5	-0.667
VSTM2B	0	0	-0.667	0	-0.5	-0.667
POP4	0	0	-0.667	0	-0.5	-0.667
PLEKHF1	0	0	-0.667	0	-0.5	-0.667
C19orf12	0	0	-0.667	0	-0.5	-0.667
CCNE1	0	0	-0.667	0	-0.5	-0.667
URI1	0	0	-0.667	0	-0.5	-0.667
ZNF536	0	0	-0.667	0	-0.5	-0.667
DKFZp566F0947	0	0	-0.667	0	-0.5	-0.667
TSHZ3	0	0	-0.667	0	-0.5	-0.667
THEG5	0	0	-0.667	0	-0.5	-0.667
SIPA1L3	0	0	-0.667	0	-0.5	-0.667
RYR1	0	0	-0.667	0	-0.5	-0.667
RINL	0	0	-0.667	0	-0.5	-0.667
SIRT2	0	0	-0.667	0	-0.5	-0.667
NFKBIB	0	0	-0.667	0	-0.5	-0.667
SARS2	0	0	-0.667	0	-0.5	-0.667
FBXO17	0	0	-0.667	0	-0.5	-0.667
FBXO27	0	0	-0.667	0	-0.5	-0.667
PAK4	0	0	-0.667	0	-0.5	-0.667
PAPL	0	0	-0.667	0	-0.5	-0.667
NCCRP1	0	0	-0.667	0	-0.5	-0.667
SYCN	0	0	-0.667	0	-0.5	-0.667
LRFN1	0	0	-0.667	0	-0.5	-0.667
GMFG	0	0	-0.667	0	-0.5	-0.667
SAMD4B	0	0	-0.667	0	-0.5	-0.667
MED29	0	0	-0.667	0	-0.5	-0.667
PAF1	0	0	-0.667	0	-0.5	-0.667
MIR4530	0	0	-0.667	0	-0.5	-0.667
PLEKHG2	0	0	-0.667	0	-0.5	-0.667
ZFP36	0	0	-0.667	0	-0.5	-0.667
RPS16	0	0	-0.667	0	-0.5	-0.667
SUPT5H	0	0	-0.667	0	-0.5	-0.667
DLL3	0	0	-0.667	0	-0.5	-0.667
TIMM50	0	0	-0.667	0	-0.5	-0.667
SELV	0	0	-0.667	0	-0.5	-0.667
EID2B	0	0	-0.667	0	-0.5	-0.667
EID2	0	0	-0.667	0	-0.5	-0.667
LGALS13	0	0	-0.667	0	-0.5	-0.667
LOC100129935	0	0	-0.667	0	-0.5	-0.667
LGALS16	0	0	-0.667	0	-0.5	-0.667
LGALS17A	0	0	-0.667	0	-0.5	-0.667
LEUTX	0	0	-0.667	0	-0.5	-0.667
MACROD2	-1.293	1.333	-0.667	0	1	-0.667
FRG1B	0.999	0.667	1.99	0	1	-0.667
MLLT10P1	0.999	0.667	1.99	0	1	-0.667
DEFB115	0.999	0.667	1.99	0	1	-0.667
DEFB116	0.999	1.333	1.99	0	1	-0.667
DEFB118	0.999	1.333	1.99	0	1	-0.667
DEFB119	0.999	1.333	1.99	0	1	-0.667
DEFB121	0.999	1.333	1.99	0	1	-0.667
DEFB122	0.999	1.333	1.99	0	1	-0.667
DEFB123	0.999	1.333	1.99	0	1	-0.667
DEFB124	0.999	1.333	1.99	0	1	-0.667
LINC00028	0.999	1.333	1.99	0	1	-0.667
REM1	0.999	1.333	1.99	0	1	-0.667
HM13	0.999	1.333	1.99	0	1	-0.667
PSIMCT-1	0.999	1.333	1.99	0	1	-0.667
ID1	0.999	1.333	1.99	0	1	-0.667
MIR3193	0.999	1.333	1.99	0	1	-0.667
COX4I2	0.999	1.333	1.99	0	1	-0.667
BCL2L1	0.999	1.333	1.99	0	1	-0.667
TPX2	0.999	1.333	1.99	0	1	-0.667
MYLK2	0.999	1.333	1.99	0	1	-0.667
FOXS1	0.999	1.333	1.99	0	1	-0.667
DUSP15	0.999	1.333	1.99	0	1	-0.667
TTLL9	0.999	1.333	1.99	0	1	-0.667
PDRG1	0.999	1.333	1.99	0	1	-0.667
XKR7	0.999	1.333	1.99	0	1	-0.667
HCK	0.999	1.333	1.99	0	1	-0.667
TM9SF4	0.999	1.333	1.99	0	1	-0.667
PLAGL2	0.999	1.333	1.99	0	1	-0.667
POFUT1	0.999	1.333	1.99	0	1	-0.667
TSPY26P	0.999	1.333	1.99	0	1	-0.667
hsa-mir-1825	0.999	1.333	1.99	0	1	-0.667
KIF3B	0.999	1.333	1.99	0	1	-0.667
ASXL1	0.999	1.333	1.99	0	1	-0.667
C20orf112	0.999	1.333	1.99	0	1	-0.667
ITCH	0.999	1.333	1.333	0	1	-0.667
PTPRT	0.999	1.333	1.333	0	1	0.667
SRSF6	0.999	1.333	1.333	0	1	-0.667
L3MBTL1	0.999	1.333	1.333	0	1	-0.667
SGK2	0.999	1.333	1.333	0	1	-0.667
IFT52	0.999	1.333	1.333	0	1	-0.667
MYBL2	0.999	1.333	1.333	0	1	-0.667
GTSF1L	0.999	1.333	1.333	0	1	-0.667
TOX2	0.999	1.333	1.333	0	1	-0.667
JPH2	0.999	1.333	1.333	0	1	-0.667
GDAP1L1	0.999	1.333	1.333	0	1	-0.667
FITM2	0.999	1.333	1.333	0	1	-0.667
R3HDML	0.999	1.333	1.333	0	1	-0.667
HNF4A	0.999	1.333	1.333	0	1	-0.667
MIR3646	0.999	1.333	1.333	0	1	-0.667
SERINC3	0.999	1.333	1.333	0	1	-0.667
TTPAL	0.999	1.333	1.333	0	1	-0.667
PKIG	0.999	1.333	1.333	0	1	-0.667
ADA	0.999	1.333	1.333	0	1	-0.667
WISP2	0.999	1.333	1.333	0	1	-0.667
KCNK15	0.999	1.333	1.333	0	1	-0.667
RIMS4	0.999	1.333	1.333	0	1	-0.667
YWHAB	0.999	1.333	1.333	0	1	-0.667
PABPC1L	0.999	1.333	1.333	0	1	-0.667
TOMM34	0.999	1.333	1.333	0	1	-0.667
STK4	0.999	1.333	1.333	0	1	-0.667
KCNS1	0.999	1.333	1.333	0	1	-0.667
WFDC5	0.999	1.333	1.333	0	1	-0.667
WFDC12	0.999	1.333	1.333	0	1	-0.667
PI3	0.999	1.333	1.333	0	1	-0.667
SEMG1	0.999	1.333	1.333	0	1	-0.667
SEMG2	0.999	1.333	1.333	0	1	-0.667
SLPI	0.999	1.333	1.333	0	1	-0.667
MATN4	0.999	1.333	1.333	0	1	-0.667
RBPJL	0.999	1.333	1.333	0	1	-0.667
SDC4	0.999	1.333	1.333	0	1	-0.667
SYS1-DBNDD2	0.999	1.333	1.333	0	1	-0.667
SYS1	0.999	1.333	1.333	0	1	-0.667
DBNDD2	0.999	1.333	1.333	0	1	-0.667
TP53TG5	0.999	1.333	1.333	0	1	-0.667
PIGT	0.999	1.333	1.333	0	1	-0.667
WFDC2	0.999	1.333	1.333	0	1	-0.667
SPINT3	0.999	1.333	1.333	0	1	-0.667
WFDC6	0.999	1.333	1.333	0	1	-0.667
WFDC8	0.999	1.333	1.333	0	1	-0.667
WFDC9	0.999	1.333	1.333	0	1	-0.667
WFDC10A	0.999	1.333	1.333	0	1	-0.667
WFDC11	0.999	1.333	1.333	0	1	-0.667
WFDC10B	0.999	1.333	1.333	0	1	-0.667
WFDC13	0.999	1.333	1.333	0	1	-0.667
SPINT4	0.999	1.333	1.333	0	1	-0.667
WFDC3	0.999	1.333	1.333	0	1	-0.667
DNTTIP1	0.999	1.333	1.333	0	1	-0.667
UBE2C	0.999	1.333	1.333	0	1	-0.667
TNNC2	0.999	1.333	1.333	0	1	-0.667
SNX21	0.999	1.333	1.333	0	1	-0.667
ACOT8	0.999	1.333	1.333	0	1	-0.667
ZSWIM3	0.999	1.333	1.333	0	1	-0.667
CTSA	0.999	1.333	1.333	0	1	-0.667
NEURL2	0.999	1.333	1.333	0	1	-0.667
PLTP	0.999	1.333	1.333	0	1	-0.667
SPATA25	0.999	1.333	1.333	0	1	-0.667
ZSWIM1	0.999	1.333	1.333	0	1	-0.667
PCIF1	0.999	1.333	1.333	0	1	-0.667
ZNF335	0.999	1.333	1.333	0	1	-0.667
MMP9	0.999	1.333	1.333	0	1	-0.667
SLC12A5	0.999	1.333	1.333	0	1	-0.667
NCOA5	0.999	1.333	1.333	0	1	-0.667
CD40	0.999	1.333	1.333	0	1	-0.667
CDH22	0.999	1.333	1.333	0	1	-0.667
SLC35C2	0.999	1.333	1.333	0	1	-0.667
ELMO2	0.999	1.333	1.333	0	1	-0.667
MKRN7P	0.999	1.333	1.333	0	1	-0.667
ZNF334	0.999	1.333	1.333	0	1	-0.667
SLC13A3	0.999	1.333	1.333	0	1	-0.667
SLC2A10	0.999	1.333	1.333	0	1	-0.667
TP53RK	0.999	1.333	1.333	0	1	-0.667
EYA2	0.999	1.333	1.333	0	1	0.667
MIR3616	0.999	1.333	1.333	0	1	0.667
ZMYND8	0.999	1.333	1.333	0	1	0.667
LOC100131496	0.999	1.333	1.333	0	1	0.667
NCOA3	0.999	1.333	1.333	0	1	0.667
SULF2	0.999	1.333	1.333	0	1	0.667
LINC00494	0.999	1.333	1.333	0	1	0.667
PREX1	0.999	1.333	1.333	0	1	0.667
ARFGEF2	0.999	1.333	1.333	0	1	0.667
CSE1L	0.999	1.333	1.333	0	1	0.667
STAU1	0.999	1.333	1.333	0	1	0.667
DDX27	0.999	1.333	1.333	0	1	0.667
ZNFX1	0.999	1.333	1.333	0	1	0.667
SNORD12B	0.999	1.333	1.333	0	1	0.667
SNORD12C	0.999	1.333	1.333	0	1	0.667
SNORD12	0.999	1.333	1.333	0	1	0.667
hsa-mir-1259	0.999	1.333	1.333	0	1	0.667
KCNB1	0.999	1.333	1.333	0	1	0.667
PTGIS	0.999	1.333	1.333	0	1	0.667
B4GALT5	0.999	1.333	1.333	0	1	0.667
SLC9A8	0.999	1.333	1.333	0	1	0.667
SPATA2	0.999	1.333	1.333	0	1	0.667
RNF114	0.999	1.333	1.333	0	1	0.667
SNAI1	0.999	1.333	1.333	0	1	0.667
TMEM189-UBE2V1	0.999	1.333	1.333	0	1	0.667
UBE2V1	0.999	1.333	1.333	0	1	0.667
TMEM189	0.999	1.333	1.333	0	1	0.667
CEBPB	0.999	1.333	1.333	0	1	0.667
PTPN1	0.999	1.333	1.333	0	1	0.667
FAM65C	0.999	1.333	1.333	0	1	0.667
MIR645	0.999	1.333	1.333	0	1	0.667
hsa-mir-1302-5	0.999	1.333	1.333	0	1	0.667
PARD6B	0.999	1.333	1.333	0	1	0.667
BCAS4	0.999	1.333	1.333	0	1	0.667
ADNP	0.999	1.333	1.333	0	1	0.667
DPM1	0.999	1.333	1.333	0	1	0.667
MOCS3	0.999	1.333	1.333	0	1	0.667
KCNG1	0.999	1.333	1.333	0	1	0.667
NFATC2	0.999	1.333	1.333	0	1	0.667
MIR3194	0.999	1.333	1.333	0	1	0.667
ATP9A	0.999	1.333	1.333	0	1	0.667
SALL4	0.999	1.333	2	0	1	0.667
ZFP64	0.999	1.333	2	0	1	0.667
TSHZ2	0.999	1.333	2	0	1	0.667
ZNF217	0.999	1.333	2	0	1	0.667
SUMO1P1	0.999	1.333	2	0	1	0.667
BCAS1	0.999	1.333	2	0	1	0.667
MIR4756	0.999	1.333	2	0	1	0.667
CYP24A1	0.999	1.333	2	0	1	0.667
PFDN4	0.999	1.333	2	0	1	0.667
DOK5	0.999	1.333	2	0	1	0.667
CBLN4	0.999	1.333	2	0	0.5	0.667
MC3R	0.999	1.333	1.333	0	0.5	0.667
FAM210B	0.999	1.333	1.333	0	0.5	0.667
AURKA	0.999	1.333	1.333	0	0.5	0.667
CSTF1	0.999	1.333	1.333	0	0.5	0.667
CASS4	0.999	1.333	1.333	0	0.5	0.667
GCNT7	0.999	1.333	1.333	0	0.5	0.667
FAM209A	0.999	1.333	1.333	0	0.5	0.667
FAM209B	0.999	1.333	1.333	0	0.5	0.667
TFAP2C	0.999	1.333	1.333	0	0.5	0.667
BMP7	0.999	1.333	1.333	0	0.5	0.667
MIR4325	0.999	1.333	1.333	0	0.5	0.667
MIR5095	0.999	1.333	1.333	0	0.5	0.667
MTRNR2L3	0.999	1.333	1.333	0	0.5	0.667
RAE1	0.999	1.333	1.333	0	0.5	0.667
SPO11	0.999	1.333	1.333	0	0.5	0.667
RBM38	0.999	1.333	1.333	0	0.5	0.667
CTCFL	0.999	1.333	1.333	0	0.5	0.667
PCK1	0.999	1.333	1.333	0	0.5	0.667
ZBP1	0.999	1.333	1.333	0	0.5	0.667
PMEPA1	0.999	1.333	1.333	0	0.5	0.667
MIR4532	0.999	1.333	1.333	0	0.5	0.667
C20orf85	0.999	1.333	1.333	0	0.5	0.667
PPP4R1L	0.999	1.333	1.333	0	0.5	0.667
RAB22A	0.999	1.333	1.333	0	0.5	0.667
VAPB	0.999	1.333	1.333	0	0.5	0.667
APCDD1L	0.999	1.333	1.333	0	0.5	0.667
STX16-NPEPL1	0.999	1.333	1.333	0	0.5	0.667
STX16	0.999	1.333	1.333	0	0.5	0.667
NPEPL1	0.999	1.333	1.333	0	0.5	0.667
GNAS-AS1	0.999	1.333	1.333	0	0.5	2
MIR296	0.999	1.333	1.333	0	0.5	2
MIR298	0.999	1.333	1.333	0	0.5	2
GNAS	0.999	1.333	1.333	0	0.5	2
CTSZ	0.999	1.333	1.333	0	0.5	2
TUBB1	0.999	1.333	1.333	0	0.5	2
ATP5E	0.999	1.333	1.333	0	0.5	2
SLMO2-ATP5E	0.999	1.333	1.333	0	0.5	2
SLMO2	0.999	1.333	1.333	0	0.5	2
ZNF831	0.999	1.333	1.333	0	0.5	2
EDN3	0.999	1.333	1.333	0	0.5	2
PHACTR3	0.999	1.333	1.333	0	0.5	2
LOC100506384	0.999	1.333	1.333	0	0.5	2
SYCP2	0.999	1.333	1.333	0	0.5	2
FAM217B	0.999	1.333	1.333	0	0.5	2
PPP1R3D	0.999	1.333	1.333	0	0.5	2
CDH26	0.999	1.333	1.333	0	0.5	2
C20orf197	0.999	1.333	1.333	0	0.5	2
hsa-mir-646	0.999	1.333	1.333	0	0.5	2
MIR4533	0.999	1.333	1.333	0	0.5	2
CDH4	0.999	1.333	1.333	0	0.5	2
MIR1257	0.999	1.333	1.333	0	0.5	-0.667
TAF4	0.999	1.333	1.333	0	0.5	-0.667
hsa-mir-3195	0.999	1.333	1.333	0	0.5	-0.667
LSM14B	0.999	1.333	1.333	0	0.5	-0.667
PSMA7	0.999	1.333	1.333	0	0.5	-0.667
SS18L1	0.999	1.333	1.333	0	0.5	-0.667
HRH3	0.999	1.333	1.333	0	0.5	-0.667
OSBPL2	0.999	1.333	1.333	0	0.5	-0.667
ADRM1	0.999	1.333	1.333	0	0.5	-0.667
LAMA5	0.999	1.333	1.333	0	0.5	-0.667
MIR4758	0.999	1.333	1.333	0	0.5	-0.667
CABLES2	0.999	1.333	1.333	0	0.5	-0.667
RPS21	0.999	1.333	1.333	0	0.5	-0.667
GATA5	0.999	1.333	1.333	0	0.5	-0.667
C20orf166-AS1	0.999	1.333	1.333	0	0.5	-0.667
C20orf166	0.999	1.333	1.333	0	0.5	-0.667
MIR1-1	0.999	1.333	1.333	0	0.5	-0.667
MIR133A2	0.999	1.333	1.333	0	0.5	-0.667
SLCO4A1	0.999	1.333	1.333	0	0.5	-0.667
NTSR1	0.999	1.333	1.333	0	0.5	-0.667
OGFR	0.999	1.333	1.333	0	0.5	-0.667
COL9A3	0.999	1.333	1.333	0	0.5	-0.667
DPH3P1	0.999	1.333	1.333	0	0.5	-0.667
TCFL5	0.999	1.333	1.333	0	0.5	-0.667
DIDO1	0.999	1.333	1.333	0	0.5	-0.667
SLC17A9	0.999	1.333	1.333	0	0.5	-0.667
BHLHE23	0.999	1.333	1.333	0	0.5	-0.667
LINC00029	0.999	1.333	1.333	0	0.5	-0.667
HAR1B	0.999	1.333	1.333	0	0.5	-0.667
HAR1A	0.999	1.333	1.333	0	0.5	-0.667
MIR124-3	0.999	1.333	1.333	0	0.5	-0.667
YTHDF1	0.999	1.333	1.333	0	0.5	-0.667
BIRC7	0.999	1.333	1.333	0	0.5	-0.667
MIR3196	0.999	1.333	1.333	0	0.5	-0.667
NKAIN4	0.999	1.333	1.333	0	0.5	-0.667
FLJ16779	0.999	1.333	1.333	0	0.5	-0.667
ARFGAP1	0.999	1.333	1.333	0	0.5	0.667
COL20A1	0.999	1.333	1.333	0	0.5	0.667
MIR4326	0.999	1.333	1.333	0	0.5	0.667
CHRNA4	0.999	1.333	1.333	0	0.5	0.667
KCNQ2	0.999	1.333	1.333	0	0.5	0.667
EEF1A2	0.999	1.333	1.333	0	0.5	-0.667
C20orf195	0.999	1.333	1.333	0	0.5	-0.667
PPDPF	0.999	1.333	1.333	0	0.5	-0.667
PTK6	0.999	1.333	1.333	0	0.5	-0.667
SRMS	0.999	1.333	1.333	0	0.5	-0.667
GMEB2	0.999	1.333	1.333	0	0.5	-0.667
STMN3	0.999	1.333	1.333	0	0.5	-0.667
RTEL1-TNFRSF6B	0.999	1.333	1.333	0	0.5	-0.667
RTEL1	0.999	1.333	1.333	0	0.5	-0.667
ARFRP1	0.999	1.333	1.333	0	0.5	-0.667
TNFRSF6B	0.999	1.333	1.333	0	0.5	-0.667
LIME1	0.999	1.333	1.333	0	0.5	-0.667
SLC2A4RG	0.999	1.333	1.333	0	0.5	-0.667
ZBTB46	0.999	1.333	1.333	0	0.5	-0.667
ZGPAT	0.999	1.333	1.333	0	0.5	-0.667
ABHD16B	0.999	1.333	1.333	0	0.5	-0.667
DNAJC5	0.999	1.333	1.333	0	0.5	-0.667
TPD52L2	0.999	1.333	1.333	0	0.5	-0.667
MIR941-1	0.999	1.333	1.333	0	0.5	-0.667
MIR941-2	0.999	1.333	1.333	0	0.5	-0.667
MIR941-3	0.999	1.333	1.333	0	0.5	-0.667
MIR941-4	0.999	1.333	1.333	0	0.5	-0.667
hsa-mir-941-1	0.999	1.333	1.333	0	0.5	-0.667
hsa-mir-941-2	0.999	1.333	1.333	0	0.5	-0.667
hsa-mir-941-3	0.999	1.333	1.333	0	0.5	-0.667
MIR1914	0.999	1.333	1.333	0	0.5	-0.667
MIR647	0.999	1.333	1.333	0	0.5	-0.667
UCKL1	0.999	1.333	1.333	0	0.5	-0.667
UCKL1-AS1	0.999	1.333	1.333	0	0.5	-0.667
PRPF6	0.999	1.333	1.333	0	0.5	-0.667
SAMD10	0.999	1.333	1.333	0	0.5	-0.667
ZNF512B	0.999	1.333	1.333	0	0.5	-0.667
LINC00176	0.999	1.333	1.333	0	0.5	-0.667
SOX18	0.999	1.333	1.333	0	0.5	-0.667
TCEA2	0.999	1.333	1.333	0	0.5	-0.667
RGS19	0.999	1.333	1.333	0	0.5	-0.667
NPBWR2	0.999	1.333	1.333	0	0.5	-0.667
OPRL1	0.999	1.333	1.333	0	0.5	-0.667
MYT1	0.999	1.333	1.333	0	0.5	-0.667
PCMTD2	0.999	1.333	1.333	0	0.5	-0.667
LINC00266-1	0.999	1.333	1.333	0	0.5	-0.667
